1522229531.805811699    -0.230713    3.57056    92.6587    116.328    40.0068    38.92
1522229532.005793678    -0.131836    3.54858    92.6587    116.328    40.0068    38.925
1522229532.205830754    -0.0219727    3.54858    92.6587    116.328    40.0068    38.929
1522229532.405682558    -0.175781    3.58154    92.6587    116.328    40.0068    38.934
1522229532.605761920    -0.351562    3.54858    92.6587    116.328    40.0068    38.938
1522229532.805842698    -0.296631    3.6145    92.6587    116.328    40.0068    38.94
1522229533.005768933    -0.230713    3.63647    92.6587    116.328    40.0068    38.939
1522229533.205816969    -0.219727    3.51562    92.6587    116.328    40.0068    38.937
1522229533.405590228    -0.142822    3.50464    92.6587    116.328    40.0068    38.936
1522229533.605747596    -0.0549316    3.49365    92.6587    116.328    40.0068    38.934
1522229533.805752090    -0.0109863    3.44971    92.6587    116.328    40.0068    38.934
1522229534.005711690    -0.098877    3.51562    92.6587    116.328    40.0068    38.935
1522229534.205832394    -0.175781    3.63647    92.6587    116.328    40.0068    38.937
1522229534.405786017    -0.164795    3.60352    92.6587    116.328    40.0068    38.938
1522229534.605622656    -0.219727    3.64746    92.6587    116.328    40.0068    38.939
1522229534.805814917    -0.252686    3.66943    92.6587    116.328    40.0068    38.94
1522229535.005712855    -0.230713    3.60352    92.6587    116.328    40.0068    38.941
1522229535.205848492    -0.263672    3.59253    92.6587    116.328    40.0067    38.942
1522229535.405623264    -0.219727    3.71338    92.6587    116.328    40.0067    38.942
1522229535.605531886    -0.20874    3.74634    92.6587    116.328    40.0067    38.943
1522229535.805639371    -0.197754    3.73535    92.6587    116.328    40.0067    38.943
1522229536.005790503    -0.318604    3.75732    92.6587    116.328    40.0067    38.941
1522229536.205763933    -0.274658    3.74634    92.6587    116.328    40.0067    38.94
1522229536.405643819    -0.263672    3.75732    92.6587    116.328    40.0067    38.938
1522229536.605587708    -0.395508    3.63647    92.6587    116.328    40.0067    38.936
1522229536.805657675    -0.351562    3.6145    92.6587    116.328    40.0067    38.937
1522229537.005640185    -0.307617    3.65845    92.6587    116.328    40.0067    38.94
1522229537.205684604    -0.41748    3.64746    92.6587    116.328    40.0067    38.943
1522229537.405709583    -0.41748    3.65845    92.6587    116.328    40.0067    38.946
1522229537.605638460    -0.505371    3.63647    92.6587    116.328    40.0067    38.95
1522229537.805650150    -0.450439    3.64746    92.6587    116.328    40.0067    38.951
1522229538.005713011    -0.395508    3.63647    92.6587    116.328    40.0067    38.949
1522229538.205649515    -0.406494    3.55957    92.6587    116.328    40.0067    38.948
1522229538.405742804    -0.461426    3.6145    92.6587    116.328    40.0067    38.946
1522229538.605453782    -0.527344    3.49365    92.6587    116.328    40.0067    38.945
1522229538.805588912    -0.593262    3.51562    92.6587    116.328    40.0067    38.943
1522229539.005642286    -0.692139    3.52661    92.6587    116.328    40.0067    38.942
1522229539.205719889    -0.714111    3.47168    92.6587    116.328    40.0067    38.941
1522229539.406007014    -0.582275    3.48267    92.6587    116.328    40.0067    38.94
1522229539.605849175    -0.560303    3.50464    92.6587    116.328    40.0067    38.939
1522229539.805601074    -0.505371    3.41675    92.6587    116.328    40.0067    38.94
1522229540.005608839    -0.384521    3.47168    92.6587    116.328    40.0067    38.944
1522229540.205568009    -0.428467    3.50464    92.6587    116.328    40.0067    38.948
1522229540.405659129    -0.637207    3.58154    92.6587    116.328    40.0067    38.952
1522229540.605766989    -0.53833    3.66943    92.6587    116.328    40.0067    38.956
1522229540.805716298    -0.483398    3.63647    92.6587    116.328    40.0067    38.959
1522229541.005476443    -0.604248    3.62549    92.6587    116.328    40.0067    38.96
1522229541.205576616    -0.681152    3.64746    92.6587    116.328    40.0067    38.962
1522229541.405644995    -0.593262    3.57056    92.6587    116.328    40.0067    38.963
1522229541.605721286    -0.461426    3.52661    92.6587    116.328    40.0067    38.964
1522229541.805618363    -0.582275    3.48267    92.6587    116.328    40.0067    38.964
1522229542.005591306    -0.65918    3.47168    92.6587    116.328    40.0067    38.963
1522229542.205613950    -0.681152    3.47168    92.6587    116.328    40.0067    38.963
1522229542.405621970    -0.725098    3.47168    92.6587    116.328    40.0067    38.962
1522229542.605702281    -0.637207    3.44971    92.6587    116.328    40.0067    38.961
1522229542.805664633    -0.549316    3.46069    92.6587    116.328    40.0067    38.96
1522229543.005573985    -0.582275    3.38379    92.6587    116.328    40.0067    38.96
1522229543.205542846    -0.582275    3.39478    92.6587    116.328    40.0067    38.959
1522229543.405541283    -0.582275    3.32886    92.6587    116.328    40.0067    38.958
1522229543.605589736    -0.571289    3.36182    92.6587    116.328    40.0067    38.958
1522229543.805636670    -0.560303    3.42773    92.6587    116.328    40.0067    38.958
1522229544.007781238    -0.769043    3.39478    92.6587    116.328    40.0067    38.96
1522229544.205523869    -0.823975    3.44971    92.6587    116.328    40.0067    38.962
1522229544.405540006    -0.780029    3.48267    92.6587    116.328    40.0067    38.963
1522229544.741633932    -0.922852    3.60352    92.6587    116.328    40.0067    38.966
1522229544.941516558    -0.944824    3.65845    92.6587    116.328    40.0067    38.965
1522229545.141545487    -0.900879    3.72437    92.6587    116.328    40.0067    38.963
1522229545.341656271    -0.933838    3.74634    92.6587    116.328    40.0067    38.962
1522229545.545326664    -0.98877    3.74634    92.6587    116.328    40.0067    38.961
1522229545.741614957    -0.944824    3.75732    92.6587    116.328    40.0067    38.96
1522229545.941639559    -0.878906    3.71338    92.6587    116.328    40.0067    38.963
1522229546.141472802    -0.856934    3.68042    92.6587    116.328    40.0067    38.965
1522229546.341596887    -0.900879    3.65845    92.6587    116.328    40.0067    38.967
1522229546.541476246    -1.05469    3.55957    92.6587    116.328    40.0067    38.97
1522229546.741533399    -0.966797    3.58154    92.6587    116.328    40.0067    38.971
1522229546.941546604    -0.889893    3.47168    92.6587    116.328    40.0067    38.967
1522229547.143847150    -0.791016    3.49365    92.6587    116.328    40.0067    38.963
1522229547.341444695    -0.845947    3.5376    92.6587    116.328    40.0067    38.959
1522229547.541565721    -0.845947    3.48267    92.6587    116.328    40.0067    38.954
1522229547.741523321    -0.769043    3.54858    92.6587    116.328    40.0067    38.951
1522229547.941651779    -0.703125    3.6145    92.6587    116.328    40.0067    38.952
1522229548.141462000    -0.714111    3.66943    92.6587    116.328    40.0067    38.953
1522229548.341478823    -0.692139    3.63647    92.6587    116.328    40.0067    38.954
1522229548.541454656    -0.65918    3.66943    92.6587    116.328    40.0067    38.955
1522229548.741550557    -0.53833    3.63647    92.6587    116.328    40.0067    38.956
1522229548.941618178    -0.472412    3.51562    92.6587    116.328    40.0067    38.957
1522229549.141631146    -0.41748    3.39478    92.6587    116.328    40.0067    38.959
1522229549.341309825    -0.318604    3.35083    92.6587    116.328    40.0067    38.96
1522229549.541489173    -0.296631    3.33984    92.6587    116.328    40.0067    38.962
1522229549.741504445    -0.241699    3.32886    92.6587    116.328    40.0067    38.963
1522229549.941586500    -0.197754    3.21899    92.6587    116.328    40.0067    38.966
1522229550.141543227    -0.098877    3.08716    92.6587    116.328    40.0067    38.969
1522229550.343938231    -0.131836    3.1311    92.6587    116.328    40.0067    38.972
1522229550.541449144    -0.175781    3.18604    92.6587    116.328    40.0067    38.975
1522229550.741502190    -0.153809    3.22998    92.6587    116.328    40.0067    38.979
1522229550.941435081    -0.0549316    3.27393    92.6587    116.328    40.0067    38.982
1522229551.141583880    0    3.31787    92.6587    116.328    40.0067    38.986
1522229551.341359328    -0.0878906    3.33984    92.6587    116.328    40.0067    38.99
1522229551.541478772    -0.175781    3.40576    92.6587    116.328    40.0067    38.993
1522229551.741346530    -0.153809    3.43872    92.6587    116.328    40.0067    38.996
1522229551.941456341    -0.109863    3.50464    92.6587    116.328    40.0067    38.991
1522229552.141587732    -0.0439453    3.55957    92.6587    116.328    40.0067    38.986
1522229552.341410906    0.0439453    3.5376    92.6587    116.328    40.0067    38.981
1522229552.541408155    -0.0878906    3.5376    92.6587    116.328    40.0067    38.976
1522229552.743810535    -0.20874    3.52661    92.6587    116.328    40.0067    38.971
1522229552.941445655    -0.230713    3.55957    92.6587    116.328    40.0067    38.968
1522229553.141593101    -0.12085    3.52661    92.6587    116.328    40.0067    38.966
1522229553.341465074    -0.175781    3.51562    92.6587    116.328    40.0067    38.963
1522229553.543802925    -0.164795    3.60352    92.6587    116.328    40.0067    38.961
1522229553.741339583    -0.351562    3.6145    92.6587    116.328    40.0067    38.958
1522229553.941502598    -0.615234    3.50464    92.6587    116.328    40.0067    38.957
1522229554.141485145    -0.516357    3.49365    92.6587    116.328    40.0067    38.955
1522229554.341625156    -0.373535    3.46069    92.6587    116.328    40.0067    38.954
1522229554.541336539    -0.384521    3.38379    92.6587    116.328    40.0067    38.952
1522229554.741345238    -0.461426    3.21899    92.6587    116.328    40.0067    38.951
1522229554.941406090    -0.53833    3.19702    92.6587    116.328    40.0067    38.95
1522229555.141471312    -0.560303    3.21899    92.6587    116.328    40.0067    38.949
1522229555.341526673    -0.560303    3.21899    92.6587    116.328    40.0067    38.948
1522229555.541350828    -0.505371    3.16406    92.6587    116.328    40.0067    38.947
1522229555.741268593    -0.41748    2.94434    92.6587    116.328    40.0067    38.946
1522229555.944974689    -0.395508    2.93335    92.6587    116.328    40.0067    38.945
1522229556.141328906    -0.351562    2.98828    92.6587    116.328    40.0067    38.944
1522229556.341565128    -0.351562    3.08716    92.6587    116.328    40.0067    38.944
1522229556.541437402    -0.252686    3.14209    92.6587    116.328    40.0067    38.943
1522229556.741499085    -0.0878906    3.14209    92.6587    116.328    40.0067    38.942
1522229556.941353959    -0.065918    3.21899    92.6587    116.328    40.0067    38.945
1522229557.141296759    -0.12085    3.24097    92.6587    116.328    40.0067    38.947
1522229557.341399497    -0.0769043    3.31787    92.6587    116.328    40.0067    38.949
1522229557.543316079    -0.098877    3.40576    92.6587    116.328    40.0067    38.951
1522229557.741328110    -0.230713    3.46069    92.6587    116.328    40.0067    38.953
1522229557.941284906    -0.241699    3.57056    92.6587    116.328    40.0067    38.953
1522229558.141424969    -0.0439453    3.60352    92.6587    116.328    40.0067    38.952
1522229558.341398704    -0.0439453    3.52661    92.6587    116.328    40.0067    38.951
1522229558.541395658    -0.032959    3.51562    92.6587    116.328    40.0067    38.951
1522229558.741207137    -0.0109863    3.51562    92.6587    116.328    40.0067    38.95
1522229558.941308857    -0.131836    3.50464    92.6587    116.328    40.0067    38.951
1522229559.144922677    -0.175781    3.38379    92.6587    116.328    40.0067    38.951
1522229559.341328306    -0.20874    3.31787    92.6587    116.328    40.0067    38.951
1522229559.541379394    -0.41748    3.15308    92.6587    116.328    40.0067    38.951
1522229559.741300059    -0.461426    3.06519    92.6587    116.328    40.0067    38.951
1522229559.941365250    -0.241699    3.07617    92.6587    116.328    40.0067    38.947
1522229560.141359656    -0.32959    3.10913    92.6587    116.328    40.0067    38.943
1522229560.341286082    -0.439453    3.0542    92.6587    116.328    40.0067    38.94
1522229560.541386934    -0.274658    2.98828    92.6587    116.328    40.0068    38.936
1522229560.742437893    -0.186768    2.95532    92.6587    116.328    40.0068    38.933
1522229560.941353182    -0.373535    2.87842    92.6587    116.328    40.0068    38.936
1522229561.141222901    -0.362549    2.90039    92.6587    116.328    40.0068    38.939
1522229561.341307119    -0.175781    2.93335    92.6587    116.328    40.0068    38.943
1522229561.541379468    -0.098877    2.96631    92.6587    116.328    40.0068    38.946
1522229561.741430430    -0.175781    3.07617    92.6587    116.328    40.0068    38.948
1522229561.941197296    -0.219727    3.10913    92.6587    116.328    40.0068    38.947
1522229562.141231767    -0.131836    3.14209    92.6587    116.328    40.0068    38.946
1522229562.341345772    -0.0109863    3.14209    92.6587    116.328    40.0068    38.945
1522229562.541329936    0.0549316    3.19702    92.6587    116.328    40.0068    38.944
1522229562.741432004    0.153809    3.28491    92.6587    116.328    40.0068    38.943
1522229562.941222411    0    3.28491    92.6587    116.328    40.0068    38.944
1522229563.141237899    0.0878906    3.39478    92.6587    116.328    40.0068    38.944
1522229563.341236748    0.230713    3.57056    92.6587    116.328    40.0068    38.944
1522229563.541332879    0.032959    3.51562    92.6587    116.328    40.0068    38.945
1522229563.741249219    0    3.55957    92.6587    116.328    40.0068    38.945
1522229563.941391227    0.109863    3.5376    92.6587    116.328    40.0068    38.947
1522229564.141242185    0    3.54858    92.6587    116.328    40.0068    38.948
1522229564.341230910    0.0769043    3.62549    92.6587    116.328    40.0068    38.949
1522229564.542160304    0.263672    3.64746    92.6587    116.328    40.0068    38.95
1522229564.741391205    0.318604    3.60352    92.6587    116.328    40.0068    38.951
1522229564.941300280    0.395508    3.44971    92.6587    116.328    40.0068    38.95
1522229565.141217074    0.450439    3.40576    92.6587    116.328    40.0068    38.949
1522229565.341167984    0.494385    3.26294    92.6587    116.328    40.0068    38.948
1522229565.541335094    0.472412    3.12012    92.6587    116.328    40.0068    38.947
1522229565.741292720    0.362549    3.16406    92.6587    116.328    40.0068    38.946
1522229565.941344002    0.20874    3.06519    92.6587    116.328    40.0068    38.948
1522229566.141192749    0.32959    2.98828    92.6587    116.328    40.0068    38.95
1522229566.343637663    0.494385    2.99927    92.6587    116.328    40.0068    38.952
1522229566.541242307    0.32959    2.87842    92.6587    116.328    40.0068    38.954
1522229566.741255568    0.164795    2.80151    92.6587    116.328    40.0068    38.955
1522229566.941296925    0.164795    2.91138    92.6587    116.328    40.0068    38.954
1522229567.141267013    0.230713    2.99927    92.6587    116.328    40.0068    38.954
1522229567.341148127    0.373535    2.97729    92.6587    116.328    40.0068    38.953
1522229567.541111080    0.395508    2.97729    92.6587    116.328    40.0068    38.952
1522229567.741260342    0.241699    2.91138    92.6587    116.328    40.0068    38.951
1522229567.941244790    0.318604    3.01025    92.6587    116.328    40.0068    38.947
1522229568.141157837    0.384521    3.16406    92.6587    116.328    40.0068    38.943
1522229568.341115444    0.307617    3.17505    92.6587    116.328    40.0068    38.939
1522229568.541114550    0.32959    3.21899    92.6587    116.328    40.0068    38.936
1522229568.741270244    0.263672    3.31787    92.6587    116.328    40.0068    38.932
1522229568.941295550    0.12085    3.33984    92.6587    116.328    40.0068    38.931
1522229569.141261600    0.12085    3.3728    92.6587    116.328    40.0068    38.929
1522229569.341120045    0.20874    3.41675    92.6587    116.328    40.0068    38.928
1522229569.541288000    0.153809    3.39478    92.6587    116.328    40.0068    38.926
1522229569.741195168    0.153809    3.42773    92.6587    116.328    40.0068    38.925
1522229569.941188490    0.12085    3.38379    92.6587    116.328    40.0068    38.922
1522229570.141258204    0.0769043    3.49365    92.6587    116.328    40.0068    38.918
1522229570.341085634    0.0878906    3.52661    92.6587    116.328    40.0068    38.915
1522229570.541192867    0.098877    3.46069    92.6587    116.328    40.0068    38.912
1522229570.741070708    -0.0109863    3.39478    92.6587    116.328    40.0068    38.909
1522229570.941174675    -0.0109863    3.33984    92.6587    116.328    40.0068    38.915
1522229571.143628391    0.142822    3.35083    92.6587    116.328    40.0068    38.921
1522229571.341057675    0.20874    3.41675    92.6587    116.328    40.0068    38.927
1522229571.541086244    0.153809    3.40576    92.6587    116.328    40.0068    38.933
1522229571.741175896    0.0439453    3.35083    92.6587    116.328    40.0068    38.938
1522229571.943769449    0.142822    3.40576    92.6587    116.328    40.0068    38.939
1522229572.141246681    0.197754    3.38379    92.6587    116.328    40.0068    38.94
1522229572.341349802    0.307617    3.41675    92.6587    116.328    40.0068    38.941
1522229572.541092598    0.153809    3.41675    92.6587    116.328    40.0068    38.942
1522229572.741149439    0.0878906    3.41675    92.6587    116.328    40.0068    38.943
1522229572.941041276    0.186768    3.44971    92.6587    116.328    40.0068    38.938
1522229573.141154135    0.197754    3.47168    92.6587    116.328    40.0068    38.934
1522229573.341210545    0.12085    3.51562    92.6587    116.328    40.0068    38.929
1522229573.541034513    0.0219727    3.48267    92.6587    116.328    40.0068    38.925
1522229573.741100482    -0.0878906    3.46069    92.6587    116.328    40.0068    38.92
1522229573.941119410    -0.0439453    3.40576    92.6587    116.328    40.0068    38.916
1522229574.141266659    -0.0109863    3.27393    92.6587    116.328    40.0068    38.911
1522229574.341320873    -0.0439453    3.20801    92.6587    116.328    40.0068    38.906
1522229574.541287218    -0.0219727    3.19702    92.6587    116.328    40.0068    38.902
1522229574.741068564    -0.0109863    3.09814    92.6587    116.328    40.0068    38.898
1522229574.941061655    -0.12085    3.10913    92.6587    116.328    40.0068    38.901
1522229575.141744372    -0.0769043    3.1311    92.6587    116.328    40.0068    38.904
1522229575.341139329    -0.0769043    3.08716    92.6587    116.328    40.0068    38.907
1522229575.541154756    -0.142822    3.02124    92.6587    116.328    40.0068    38.91
1522229575.741152116    -0.0439453    3.09814    92.6587    116.328    40.0068    38.912
1522229575.941167476    -0.142822    3.19702    92.6587    116.328    40.0068    38.915
1522229576.141122844    -0.164795    3.18604    92.6587    116.328    40.0068    38.917
1522229576.341169459    -0.0878906    3.14209    92.6587    116.328    40.0068    38.919
1522229576.541125997    -0.0109863    3.20801    92.6587    116.328    40.0068    38.922
1522229576.743632791    -0.098877    3.17505    92.6587    116.328    40.0068    38.924
1522229576.941008445    -0.0769043    3.21899    92.6587    116.328    40.0068    38.922
1522229577.141131077    -0.098877    3.2959    92.6587    116.328    40.0068    38.921
1522229577.341040831    -0.131836    3.28491    92.6587    116.328    40.0068    38.919
1522229577.542315912    0.0549316    3.39478    92.6587    116.328    40.0068    38.918
1522229577.740964330    0.0878906    3.48267    92.6587    116.328    40.0068    38.917
1522229577.940973259    0.0109863    3.50464    92.6587    116.328    40.0068    38.917
1522229578.141067359    0.109863    3.52661    92.6587    116.328    40.0068    38.918
1522229578.341203459    0.109863    3.49365    92.6587    116.328    40.0068    38.918
1522229578.541089066    0.0769043    3.59253    92.6587    116.328    40.0068    38.918
