1522229531.805811699    -0.230713    3.570557    92.658691    116.328011    40.006783    38.920000
1522229532.005793678    -0.131836    3.548584    92.658691    116.328009    40.006781    38.925000
1522229532.205830754    -0.021973    3.548584    92.658691    116.328008    40.006779    38.929000
1522229532.405682558    -0.175781    3.581543    92.658691    116.328007    40.006777    38.934000
1522229532.605761920    -0.351562    3.548584    92.658691    116.328005    40.006775    38.938000
1522229532.805842698    -0.296631    3.614502    92.658691    116.328004    40.006773    38.940000
1522229533.005768933    -0.230713    3.636475    92.658691    116.328004    40.006771    38.939000
1522229533.205816969    -0.219727    3.515625    92.658691    116.328003    40.006769    38.937000
1522229533.405590228    -0.142822    3.504639    92.658691    116.328003    40.006768    38.936000
1522229533.605747596    -0.054932    3.493652    92.658691    116.328002    40.006766    38.934000
1522229533.805752090    -0.010986    3.449707    92.658691    116.328001    40.006764    38.934000
1522229534.005711690    -0.098877    3.515625    92.658691    116.328001    40.006762    38.935000
1522229534.205832394    -0.175781    3.636475    92.658691    116.328000    40.006759    38.937000
1522229534.405786017    -0.164795    3.603516    92.658691    116.328000    40.006757    38.938000
1522229534.605622656    -0.219727    3.647461    92.658691    116.327999    40.006755    38.939000
1522229534.805814917    -0.252686    3.669434    92.658691    116.327999    40.006753    38.940000
1522229535.005712855    -0.230713    3.603516    92.658691    116.327998    40.006750    38.941000
1522229535.205848492    -0.263672    3.592529    92.658691    116.327998    40.006748    38.942000
1522229535.405623264    -0.219727    3.713379    92.658691    116.327998    40.006746    38.942000
1522229535.605531886    -0.208740    3.746338    92.658691    116.327997    40.006744    38.943000
1522229535.805639371    -0.197754    3.735352    92.658691    116.327997    40.006742    38.943000
1522229536.005790503    -0.318604    3.757324    92.658691    116.327997    40.006740    38.941000
1522229536.205763933    -0.274658    3.746338    92.658691    116.327997    40.006737    38.940000
1522229536.405643819    -0.263672    3.757324    92.658691    116.327997    40.006735    38.938000
1522229536.605587708    -0.395508    3.636475    92.658691    116.327997    40.006733    38.936000
1522229536.805657675    -0.351562    3.614502    92.658691    116.327998    40.006731    38.937000
1522229537.005640185    -0.307617    3.658447    92.658691    116.327998    40.006729    38.940000
1522229537.205684604    -0.417480    3.647461    92.658691    116.327999    40.006727    38.943000
1522229537.405709583    -0.417480    3.658447    92.658691    116.328000    40.006725    38.946000
1522229537.605638460    -0.505371    3.636475    92.658691    116.328000    40.006722    38.950000
1522229537.805650150    -0.450439    3.647461    92.658691    116.328001    40.006721    38.951000
1522229538.005713011    -0.395508    3.636475    92.658691    116.328002    40.006718    38.949000
1522229538.205649515    -0.406494    3.559570    92.658691    116.328003    40.006717    38.948000
1522229538.405742804    -0.461426    3.614502    92.658691    116.328003    40.006715    38.946000
1522229538.605453782    -0.527344    3.493652    92.658691    116.328004    40.006713    38.945000
1522229538.805588912    -0.593262    3.515625    92.658691    116.328005    40.006711    38.943000
1522229539.005642286    -0.692139    3.526611    92.658691    116.328007    40.006709    38.942000
1522229539.205719889    -0.714111    3.471680    92.658691    116.328008    40.006707    38.941000
1522229539.406007014    -0.582275    3.482666    92.658691    116.328009    40.006705    38.940000
1522229539.605849175    -0.560303    3.504639    92.658691    116.328010    40.006703    38.939000
1522229539.805601074    -0.505371    3.416748    92.658691    116.328012    40.006701    38.940000
1522229540.005608839    -0.384521    3.471680    92.658691    116.328014    40.006699    38.944000
1522229540.205568009    -0.428467    3.504639    92.658691    116.328015    40.006697    38.948000
1522229540.405659129    -0.637207    3.581543    92.658691    116.328017    40.006695    38.952000
1522229540.605766989    -0.538330    3.669434    92.658691    116.328019    40.006693    38.956000
1522229540.805716298    -0.483398    3.636475    92.658691    116.328021    40.006691    38.959000
1522229541.005476443    -0.604248    3.625488    92.658691    116.328022    40.006689    38.960000
1522229541.205576616    -0.681152    3.647461    92.658691    116.328024    40.006687    38.962000
1522229541.405644995    -0.593262    3.570557    92.658691    116.328026    40.006686    38.963000
1522229541.605721286    -0.461426    3.526611    92.658691    116.328028    40.006684    38.964000
1522229541.805618363    -0.582275    3.482666    92.658691    116.328029    40.006683    38.964000
1522229542.005591306    -0.659180    3.471680    92.658691    116.328031    40.006681    38.963000
1522229542.205613950    -0.681152    3.471680    92.658691    116.328033    40.006680    38.963000
1522229542.405621970    -0.725098    3.471680    92.658691    116.328035    40.006679    38.962000
1522229542.605702281    -0.637207    3.449707    92.658691    116.328037    40.006677    38.961000
1522229542.805664633    -0.549316    3.460693    92.658691    116.328039    40.006676    38.960000
1522229543.005573985    -0.582275    3.383789    92.658691    116.328042    40.006675    38.960000
1522229543.205542846    -0.582275    3.394775    92.658691    116.328044    40.006674    38.959000
1522229543.405541283    -0.582275    3.328857    92.658691    116.328047    40.006672    38.958000
1522229543.605589736    -0.571289    3.361816    92.658691    116.328049    40.006671    38.958000
1522229543.805636670    -0.560303    3.427734    92.658691    116.328051    40.006670    38.958000
1522229544.007781238    -0.769043    3.394775    92.658691    116.328054    40.006669    38.960000
1522229544.205523869    -0.823975    3.449707    92.658691    116.328056    40.006668    38.962000
1522229544.405540006    -0.780029    3.482666    92.658691    116.328058    40.006667    38.963000
1522229544.741633932    -0.922852    3.603516    92.658691    116.328062    40.006665    38.966000
1522229544.941516558    -0.944824    3.658447    92.658691    116.328065    40.006665    38.965000
1522229545.141545487    -0.900879    3.724365    92.658691    116.328068    40.006664    38.963000
1522229545.341656271    -0.933838    3.746338    92.658691    116.328070    40.006663    38.962000
1522229545.545326664    -0.988770    3.746338    92.658691    116.328073    40.006663    38.961000
1522229545.741614957    -0.944824    3.757324    92.658691    116.328076    40.006662    38.960000
1522229545.941639559    -0.878906    3.713379    92.658691    116.328079    40.006662    38.963000
1522229546.141472802    -0.856934    3.680420    92.658691    116.328081    40.006661    38.965000
1522229546.341596887    -0.900879    3.658447    92.658691    116.328084    40.006661    38.967000
1522229546.541476246    -1.054688    3.559570    92.658691    116.328087    40.006661    38.970000
1522229546.741533399    -0.966797    3.581543    92.658691    116.328089    40.006660    38.971000
1522229546.941546604    -0.889893    3.471680    92.658691    116.328092    40.006660    38.967000
1522229547.143847150    -0.791016    3.493652    92.658691    116.328095    40.006660    38.963000
1522229547.341444695    -0.845947    3.537598    92.658691    116.328098    40.006660    38.959000
1522229547.541565721    -0.845947    3.482666    92.658691    116.328101    40.006659    38.954000
1522229547.741523321    -0.769043    3.548584    92.658691    116.328104    40.006659    38.951000
1522229547.941651779    -0.703125    3.614502    92.658691    116.328107    40.006659    38.952000
1522229548.141462000    -0.714111    3.669434    92.658691    116.328110    40.006659    38.953000
1522229548.341478823    -0.692139    3.636475    92.658691    116.328112    40.006659    38.954000
1522229548.541454656    -0.659180    3.669434    92.658691    116.328115    40.006659    38.955000
1522229548.741550557    -0.538330    3.636475    92.658691    116.328118    40.006659    38.956000
1522229548.941618178    -0.472412    3.515625    92.658691    116.328121    40.006660    38.957000
1522229549.141631146    -0.417480    3.394775    92.658691    116.328124    40.006660    38.959000
1522229549.341309825    -0.318604    3.350830    92.658691    116.328127    40.006660    38.960000
1522229549.541489173    -0.296631    3.339844    92.658691    116.328130    40.006661    38.962000
1522229549.741504445    -0.241699    3.328857    92.658691    116.328133    40.006661    38.963000
1522229549.941586500    -0.197754    3.218994    92.658691    116.328135    40.006662    38.966000
1522229550.141543227    -0.098877    3.087158    92.658691    116.328138    40.006663    38.969000
1522229550.343938231    -0.131836    3.131104    92.658691    116.328141    40.006663    38.972000
1522229550.541449144    -0.175781    3.186035    92.658691    116.328143    40.006664    38.975000
1522229550.741502190    -0.153809    3.229980    92.658691    116.328146    40.006665    38.979000
1522229550.941435081    -0.054932    3.273926    92.658691    116.328149    40.006666    38.982000
1522229551.141583880    0.000000    3.317871    92.658691    116.328151    40.006667    38.986000
1522229551.341359328    -0.087891    3.339844    92.658691    116.328154    40.006668    38.990000
1522229551.541478772    -0.175781    3.405762    92.658691    116.328157    40.006669    38.993000
1522229551.741346530    -0.153809    3.438721    92.658691    116.328159    40.006670    38.996000
1522229551.941456341    -0.109863    3.504639    92.658691    116.328162    40.006671    38.991000
1522229552.141587732    -0.043945    3.559570    92.658691    116.328164    40.006672    38.986000
1522229552.341410906    0.043945    3.537598    92.658691    116.328166    40.006673    38.981000
1522229552.541408155    -0.087891    3.537598    92.658691    116.328169    40.006674    38.976000
1522229552.743810535    -0.208740    3.526611    92.658691    116.328171    40.006675    38.971000
1522229552.941445655    -0.230713    3.559570    92.658691    116.328173    40.006677    38.968000
1522229553.141593101    -0.120850    3.526611    92.658691    116.328175    40.006678    38.966000
1522229553.341465074    -0.175781    3.515625    92.658691    116.328177    40.006679    38.963000
1522229553.543802925    -0.164795    3.603516    92.658691    116.328179    40.006681    38.961000
1522229553.741339583    -0.351562    3.614502    92.658691    116.328181    40.006682    38.958000
1522229553.941502598    -0.615234    3.504639    92.658691    116.328183    40.006684    38.957000
1522229554.141485145    -0.516357    3.493652    92.658691    116.328185    40.006685    38.955000
1522229554.341625156    -0.373535    3.460693    92.658691    116.328187    40.006687    38.954000
1522229554.541336539    -0.384521    3.383789    92.658691    116.328189    40.006689    38.952000
1522229554.741345238    -0.461426    3.218994    92.658691    116.328190    40.006690    38.951000
1522229554.941406090    -0.538330    3.197021    92.658691    116.328192    40.006693    38.950000
1522229555.141471312    -0.560303    3.218994    92.658691    116.328194    40.006695    38.949000
1522229555.341526673    -0.560303    3.218994    92.658691    116.328195    40.006697    38.948000
1522229555.541350828    -0.505371    3.164062    92.658691    116.328197    40.006699    38.947000
1522229555.741268593    -0.417480    2.944336    92.658691    116.328199    40.006701    38.946000
1522229555.944974689    -0.395508    2.933350    92.658691    116.328200    40.006702    38.945000
1522229556.141328906    -0.351562    2.988281    92.658691    116.328201    40.006704    38.944000
1522229556.341565128    -0.351562    3.087158    92.658691    116.328201    40.006706    38.944000
1522229556.541437402    -0.252686    3.142090    92.658691    116.328202    40.006707    38.943000
1522229556.741499085    -0.087891    3.142090    92.658691    116.328203    40.006709    38.942000
1522229556.941353959    -0.065918    3.218994    92.658691    116.328204    40.006712    38.945000
1522229557.141296759    -0.120850    3.240967    92.658691    116.328205    40.006714    38.947000
1522229557.341399497    -0.076904    3.317871    92.658691    116.328206    40.006716    38.949000
1522229557.543316079    -0.098877    3.405762    92.658691    116.328207    40.006718    38.951000
1522229557.741328110    -0.230713    3.460693    92.658691    116.328208    40.006721    38.953000
1522229557.941284906    -0.241699    3.570557    92.658691    116.328209    40.006723    38.953000
1522229558.141424969    -0.043945    3.603516    92.658691    116.328209    40.006725    38.952000
1522229558.341398704    -0.043945    3.526611    92.658691    116.328210    40.006727    38.951000
1522229558.541395658    -0.032959    3.515625    92.658691    116.328211    40.006729    38.951000
1522229558.741207137    -0.010986    3.515625    92.658691    116.328211    40.006731    38.950000
1522229558.941308857    -0.131836    3.504639    92.658691    116.328211    40.006733    38.951000
1522229559.144922677    -0.175781    3.383789    92.658691    116.328211    40.006736    38.951000
1522229559.341328306    -0.208740    3.317871    92.658691    116.328211    40.006738    38.951000
1522229559.541379394    -0.417480    3.153076    92.658691    116.328211    40.006740    38.951000
1522229559.741300059    -0.461426    3.065186    92.658691    116.328211    40.006743    38.951000
1522229559.941365250    -0.241699    3.076172    92.658691    116.328211    40.006745    38.947000
1522229560.141359656    -0.329590    3.109131    92.658691    116.328210    40.006747    38.943000
1522229560.341286082    -0.439453    3.054199    92.658691    116.328210    40.006749    38.940000
1522229560.541386934    -0.274658    2.988281    92.658691    116.328209    40.006751    38.936000
1522229560.742437893    -0.186768    2.955322    92.658691    116.328209    40.006753    38.933000
1522229560.941353182    -0.373535    2.878418    92.658691    116.328208    40.006755    38.936000
1522229561.141222901    -0.362549    2.900391    92.658691    116.328208    40.006757    38.939000
1522229561.341307119    -0.175781    2.933350    92.658691    116.328208    40.006759    38.943000
1522229561.541379468    -0.098877    2.966309    92.658691    116.328207    40.006761    38.946000
1522229561.741430430    -0.175781    3.076172    92.658691    116.328207    40.006763    38.948000
1522229561.941197296    -0.219727    3.109131    92.658691    116.328206    40.006765    38.947000
1522229562.141231767    -0.131836    3.142090    92.658691    116.328205    40.006767    38.946000
1522229562.341345772    -0.010986    3.142090    92.658691    116.328204    40.006769    38.945000
1522229562.541329936    0.054932    3.197021    92.658691    116.328203    40.006771    38.944000
1522229562.741432004    0.153809    3.284912    92.658691    116.328202    40.006773    38.943000
1522229562.941222411    0.000000    3.284912    92.658691    116.328200    40.006775    38.944000
1522229563.141237899    0.087891    3.394775    92.658691    116.328199    40.006777    38.944000
1522229563.341236748    0.230713    3.570557    92.658691    116.328198    40.006779    38.944000
1522229563.541332879    0.032959    3.515625    92.658691    116.328196    40.006781    38.945000
1522229563.741249219    0.000000    3.559570    92.658691    116.328195    40.006783    38.945000
1522229563.941391227    0.109863    3.537598    92.658691    116.328193    40.006784    38.947000
1522229564.141242185    0.000000    3.548584    92.658691    116.328191    40.006786    38.948000
1522229564.341230910    0.076904    3.625488    92.658691    116.328190    40.006788    38.949000
1522229564.542160304    0.263672    3.647461    92.658691    116.328188    40.006789    38.950000
1522229564.741391205    0.318604    3.603516    92.658691    116.328186    40.006791    38.951000
1522229564.941300280    0.395508    3.449707    92.658691    116.328184    40.006792    38.950000
1522229565.141217074    0.450439    3.405762    92.658691    116.328182    40.006794    38.949000
1522229565.341167984    0.494385    3.262939    92.658691    116.328180    40.006795    38.948000
1522229565.541335094    0.472412    3.120117    92.658691    116.328178    40.006796    38.947000
1522229565.741292720    0.362549    3.164062    92.658691    116.328176    40.006797    38.946000
1522229565.941344002    0.208740    3.065186    92.658691    116.328174    40.006799    38.948000
1522229566.141192749    0.329590    2.988281    92.658691    116.328171    40.006800    38.950000
1522229566.343637663    0.494385    2.999268    92.658691    116.328169    40.006801    38.952000
1522229566.541242307    0.329590    2.878418    92.658691    116.328167    40.006803    38.954000
1522229566.741255568    0.164795    2.801514    92.658691    116.328164    40.006804    38.955000
1522229566.941296925    0.164795    2.911377    92.658691    116.328162    40.006805    38.954000
1522229567.141267013    0.230713    2.999268    92.658691    116.328159    40.006807    38.954000
1522229567.341148127    0.373535    2.977295    92.658691    116.328157    40.006808    38.953000
1522229567.541111080    0.395508    2.977295    92.658691    116.328154    40.006809    38.952000
1522229567.741260342    0.241699    2.911377    92.658691    116.328152    40.006811    38.951000
1522229567.941244790    0.318604    3.010254    92.658691    116.328149    40.006811    38.947000
1522229568.141157837    0.384521    3.164062    92.658691    116.328147    40.006813    38.943000
1522229568.341115444    0.307617    3.175049    92.658691    116.328144    40.006814    38.939000
1522229568.541114550    0.329590    3.218994    92.658691    116.328142    40.006815    38.936000
1522229568.741270244    0.263672    3.317871    92.658691    116.328139    40.006815    38.932000
1522229568.941295550    0.120850    3.339844    92.658691    116.328136    40.006816    38.931000
1522229569.141261600    0.120850    3.372803    92.658691    116.328133    40.006817    38.929000
1522229569.341120045    0.208740    3.416748    92.658691    116.328130    40.006817    38.928000
1522229569.541288000    0.153809    3.394775    92.658691    116.328127    40.006818    38.926000
1522229569.741195168    0.153809    3.427734    92.658691    116.328124    40.006819    38.925000
1522229569.941188490    0.120850    3.383789    92.658691    116.328121    40.006819    38.922000
1522229570.141258204    0.076904    3.493652    92.658691    116.328118    40.006819    38.918000
1522229570.341085634    0.087891    3.526611    92.658691    116.328115    40.006818    38.915000
1522229570.541192867    0.098877    3.460693    92.658691    116.328112    40.006818    38.912000
1522229570.741070708    -0.010986    3.394775    92.658691    116.328109    40.006818    38.909000
1522229570.941174675    -0.010986    3.339844    92.658691    116.328106    40.006818    38.915000
1522229571.143628391    0.142822    3.350830    92.658691    116.328103    40.006818    38.921000
1522229571.341057675    0.208740    3.416748    92.658691    116.328100    40.006818    38.927000
1522229571.541086244    0.153809    3.405762    92.658691    116.328097    40.006818    38.933000
1522229571.741175896    0.043945    3.350830    92.658691    116.328094    40.006818    38.938000
1522229571.943769449    0.142822    3.405762    92.658691    116.328091    40.006818    38.939000
1522229572.141246681    0.197754    3.383789    92.658691    116.328088    40.006818    38.940000
1522229572.341349802    0.307617    3.416748    92.658691    116.328086    40.006818    38.941000
1522229572.541092598    0.153809    3.416748    92.658691    116.328083    40.006818    38.942000
1522229572.741149439    0.087891    3.416748    92.658691    116.328080    40.006818    38.943000
1522229572.941041276    0.186768    3.449707    92.658691    116.328078    40.006817    38.938000
1522229573.141154135    0.197754    3.471680    92.658691    116.328075    40.006816    38.934000
1522229573.341210545    0.120850    3.515625    92.658691    116.328072    40.006816    38.929000
1522229573.541034513    0.021973    3.482666    92.658691    116.328070    40.006815    38.925000
1522229573.741100482    -0.087891    3.460693    92.658691    116.328067    40.006814    38.920000
1522229573.941119410    -0.043945    3.405762    92.658691    116.328065    40.006813    38.916000
1522229574.141266659    -0.010986    3.273926    92.658691    116.328063    40.006812    38.911000
1522229574.341320873    -0.043945    3.208008    92.658691    116.328060    40.006811    38.906000
1522229574.541287218    -0.021973    3.197021    92.658691    116.328058    40.006810    38.902000
1522229574.741068564    -0.010986    3.098145    92.658691    116.328056    40.006809    38.898000
1522229574.941061655    -0.120850    3.109131    92.658691    116.328053    40.006808    38.901000
1522229575.141744372    -0.076904    3.131104    92.658691    116.328051    40.006807    38.904000
1522229575.341139329    -0.076904    3.087158    92.658691    116.328049    40.006806    38.907000
1522229575.541154756    -0.142822    3.021240    92.658691    116.328046    40.006805    38.910000
1522229575.741152116    -0.043945    3.098145    92.658691    116.328044    40.006804    38.912000
1522229575.941167476    -0.142822    3.197021    92.658691    116.328042    40.006802    38.915000
1522229576.141122844    -0.164795    3.186035    92.658691    116.328039    40.006801    38.917000
1522229576.341169459    -0.087891    3.142090    92.658691    116.328037    40.006800    38.919000
1522229576.541125997    -0.010986    3.208008    92.658691    116.328035    40.006798    38.922000
1522229576.743632791    -0.098877    3.175049    92.658691    116.328032    40.006797    38.924000
1522229576.941008445    -0.076904    3.218994    92.658691    116.328030    40.006795    38.922000
1522229577.141131077    -0.098877    3.295898    92.658691    116.328028    40.006794    38.921000
1522229577.341040831    -0.131836    3.284912    92.658691    116.328026    40.006792    38.919000
1522229577.542315912    0.054932    3.394775    92.658691    116.328024    40.006790    38.918000
1522229577.740964330    0.087891    3.482666    92.658691    116.328022    40.006788    38.917000
1522229577.940973259    0.010986    3.504639    92.658691    116.328021    40.006787    38.917000
1522229578.141067359    0.109863    3.526611    92.658691    116.328020    40.006785    38.918000
1522229578.341203459    0.109863    3.493652    92.658691    116.328019    40.006783    38.918000
1522229578.541089066    0.076904    3.592529    92.658691    116.328017    40.006782    38.918000
