1 0 0 0 0 1 0 0 0 0 1 0
   0.999956 -0.00938388 0.000183925    0.124319 0.00938407    0.999955 -0.00106695   0.0269952 -0.000173904   0.00106863     0.999999   -0.0223161
   0.999811  -0.0194164 0.000441845     0.21744 0.0194174   0.999808 -0.0025692   0.115963 -0.000391876   0.00257729     0.999997    0.0213606
  0.999557 -0.0297326 0.00140574      0.295  0.0297347    0.999557 -0.00150928    0.102331 -0.00136025   0.00155041     0.999998 -0.000352291
  0.999214 -0.0395692 0.00230083   0.395689  0.0395776    0.999209 -0.00376082    0.196872 -0.0021502 0.00384892    0.99999  0.0603556
  0.998698 -0.0510023 0.00121994   0.492538   0.051005    0.998696 -0.00228433    0.197133 -0.00110184  0.00234357    0.999997  0.00857292
  0.998119 -0.0612757 0.00210968   0.577028  0.0612836    0.998113 -0.00390155    0.268115 -0.00186663   0.0040235     0.99999   0.0490088
     0.99743   -0.0716444 -0.000662203      0.66441  0.0716435     0.99743 -0.00119932    0.268519 0.000746425   0.0011488    0.999999    -0.04579
   0.996761  -0.0804176 0.000439731    0.735464  0.0804187    0.996754 -0.00377734    0.332589 -0.000134539   0.00380047     0.999993   0.00987947
     0.9959  -0.0904616 -0.00081559    0.830865  0.0904599    0.995898 -0.00189395    0.367549 0.000983575  0.00181241    0.999998  -0.0509038
    0.994959    -0.100286 -4.13974e-05     0.921068   0.100285    0.994953 -0.00347885    0.459872 0.000390067  0.00345716    0.999994  0.00397325
    0.993842    -0.110802 -0.000505168      1.00872   0.110801    0.993841 -0.00186325     0.48425 0.000708509  0.00179581    0.999998  -0.0395478
  0.992632  -0.121151 0.00212702    1.09547   0.121157    0.992629 -0.00282486    0.562743 -0.0017691 0.00306175   0.999994  0.0407117
  0.991304   -0.13158 0.00172875    1.20341  0.131584   0.991303 -0.0020071   0.605488 -0.00144962  0.00221713    0.999996  0.00847088
  0.988564  -0.150775 0.00297674    1.42533  0.150802   0.988463 -0.0141158   0.297108 -0.000814078    0.0144033     0.999896    -0.228118
  0.98842 -0.149228 0.0275035   1.38419  0.150274   0.987794 -0.0409867    0.55845 -0.0210514  0.0446451   0.998781   0.426667
  0.986699  -0.162545 0.00229231    1.45701   0.162553    0.986691 -0.00424655    0.761214 -0.00157155  0.00456269    0.999988   0.0249553
  0.984869  -0.173291 0.00188812    1.54915   0.173297    0.984861 -0.00407893    0.783133 -0.0011527  0.00434442     0.99999 -0.00251424
  0.983095  -0.183082 0.00215359    1.63607    0.18309    0.983086 -0.00436255    0.875959 -0.00131846  0.00468311    0.999988   0.0215391
   0.981147   -0.193261 0.000346271     1.73951    0.19326    0.981139 -0.00408657    0.915925 0.000450033  0.00407645    0.999992  -0.0451573
  0.978949  -0.204096 0.00194004    1.82394   0.204103    0.978938 -0.00471128    0.987287 -0.000937627   0.00500807     0.999987 -0.000520224
    0.976862    -0.213871 -0.000875147      1.92351   0.213866    0.976856 -0.00362738     1.04538 0.00163068 0.00335628   0.999993 -0.0877131
   0.974664   -0.223675 0.000309088     1.99826   0.223675    0.974655 -0.00420437     1.11132 0.000639161  0.00416698    0.999991  -0.0437659
    0.972363    -0.233474 -0.000829132       2.0916   0.233468    0.972355 -0.00427945     1.17027 0.00180535  0.0039676    0.99999 -0.0935899
 0.972439 -0.232546 0.0169063   2.03864  0.232907   0.972201 -0.0240867    1.15153-0.0108351  0.0273604   0.999567  0.0902489
  0.967253  -0.253808 0.00183234    2.26869   0.253815    0.967231 -0.00651696     1.30108 -0.000118242   0.00676862     0.999977   -0.0670138
  0.964483  -0.264139 0.00183019    2.33147   0.264146     0.96446 -0.00659898     1.38502 -2.2093e-05  0.00684804    0.999977  -0.0512189
  0.961785  -0.273799 0.00201691    2.43981   0.273806    0.961765 -0.00614357     1.42628 -0.000257698   0.00646103     0.999979    -0.069282
  0.958829  -0.283984 0.00103506    2.49291   0.283985    0.958811 -0.00581556     1.50785 0.000659095  0.00587006    0.999983   -0.070407
  0.955715  -0.294285 0.00226717    2.61397   0.294293      0.9557 -0.00529997     1.56893 -0.000607032   0.00573248     0.999983   -0.0750857
 0.952688 -0.303944 0.0019621   2.65777   0.303951    0.952669 -0.00600008     1.65423 -4.55364e-05   0.00631258      0.99998   -0.0583567
  0.949651  -0.313305 0.00198152    2.75684   0.313311    0.949634 -0.00555482     1.71744 -0.000141368   0.00589597     0.999983   -0.0691032
    0.9458  -0.324746 0.00153336    2.82728    0.32475    0.945785 -0.00522667     1.79365 0.000247115  0.00544134    0.999985  -0.0357316
  0.942249  -0.334909 0.00137734    2.91421   0.334912    0.942232 -0.00573985     1.85396 0.000624554  0.00586966    0.999983   -0.062436
  0.938194  -0.346103 0.00193867    2.98835   0.346109    0.938179 -0.00530487     1.93306 1.72145e-05  0.00564799    0.999984  -0.0213307
  0.935236  -0.354023 0.00122849    3.06334   0.354025    0.935221 -0.00536438     2.01439 0.000750206  0.00545187    0.999985  -0.0724666
  0.931372  -0.364065 0.00175413    3.13961  0.364069   0.931357 -0.0052548    2.08805 0.000279365   0.0055328    0.999985  -0.0365568
  0.927585  -0.373609 0.00145855     3.2193   0.373611    0.927569 -0.00558973     2.15688 0.000735466  0.00572988    0.999983  -0.0727011
  0.923053  -0.384667 0.00207552    3.29814   0.384672    0.923039 -0.00506621     2.24061 3.3016e-05 0.00547478   0.999985  -0.022966
  0.919203  -0.393781 0.00144299    3.36878   0.393783    0.919187 -0.00555018     2.31003 0.000859178  0.00566997    0.999984  -0.0667688
  0.914644  -0.404256 0.00186142    3.43742    0.40426    0.914631 -0.00483638     2.39291 0.000252621  0.00517606    0.999987  -0.0240616
  0.910719  -0.413022 0.00193164    3.51917   0.413027    0.910704 -0.00520309     2.46825 0.000389844  0.00553637    0.999985  -0.0628212
  0.906125  -0.423007 0.00141176    3.59851   0.423008     0.90611 -0.00533467     2.56019 0.000977391  0.00543107    0.999985  -0.0457255
  0.902036  -0.431658 0.00178376    3.66414   0.431661     0.90202 -0.00537155     2.62848 0.000709684  0.00561531    0.999984   -0.077491
  0.897262  -0.441497 0.00103959    3.73195   0.441497     0.89725 -0.00477583     2.73533 0.00117574 0.00474415   0.999988 -0.0615947
    0.8924  -0.451243 0.00145991    3.81519   0.451244    0.892386 -0.00502262     2.79638 0.000963611  0.00514096    0.999986  -0.0890034
   0.88769   -0.46044 0.00108465    3.87386   0.460439    0.887678 -0.00475461     2.89704 0.00122639 0.00472004   0.999988 -0.0614975
  0.882719  -0.469901 0.00101805    3.94765   0.469899    0.882705 -0.00513751     2.97123 0.00151549 0.00501336   0.999986 -0.0816479
  0.877442  -0.479682 0.00113413    4.00525   0.479681    0.877426 -0.00546449     3.05407 0.00162611 0.00533879   0.999984 -0.0548841
  0.872684  -0.488284 0.00141706    4.06867   0.488284    0.872668 -0.00536381     3.13805 0.00138245 0.00537284   0.999985 -0.0738829
   0.866684   -0.498858 0.000632994      4.1379   0.498854     0.86667 -0.00536552     3.21943 0.00212803 0.00496598   0.999985 -0.0592267
  0.861966  -0.506964 0.00134713    4.21088   0.506962    0.861948 -0.00587099     3.30801 0.00181522 0.00574354   0.999982 -0.0821944
    0.85619    -0.51666 0.000770474     4.26831   0.516657    0.856175 -0.00547379     3.39834 0.00216843 0.00508468   0.999985 -0.0648457
  0.850481     -0.526 0.00238793     4.3443 0.526004  0.850461 -0.005916   3.479580.00108098  0.0062875    0.99998 -0.0875637
  0.845523  -0.533938 0.00124992     4.3932   0.533936    0.845508 -0.00541041      3.5854 0.00183201   0.005242   0.999985 -0.0629981
  0.839662  -0.543106 0.00191674    4.46884   0.543107    0.839643 -0.00584311     3.66554 0.00156405 0.00594724   0.999981 -0.0842585
   0.833826   -0.552027 0.000445643     4.51221   0.552022    0.833813 -0.00522313     3.76084 0.00251173 0.00460118   0.999986 -0.0754426
  0.827259  -0.561467 -0.0199482    4.58339  0.561602   0.827407 0.00143691    3.82351 0.0156985 -0.0123916     0.9998  -0.233191
  0.821357  -0.562759 -0.0931407    4.76829 0.567999  0.821913 0.0428505   3.83181 0.0524391 -0.0880994    0.99473    -1.9418
 0.816635 -0.577152 0.0017949   4.70229   0.577152    0.816616 -0.00586371     4.01623 0.00191851 0.00582444   0.999981 -0.0961339
  0.81173 -0.581057 0.0588753   4.93871  0.583053   0.812077 -0.0240955    4.09753 -0.0338104  0.0538865   0.997974   0.925519
  0.804574   -0.59384 0.00389512    4.81605   0.593852    0.804547 -0.00664448     4.19642 0.000811945   0.0076591     0.99997  -0.0728402
  0.797936  -0.602739 0.00209822    4.86684   0.60274   0.797917 -0.0056935    4.29694 0.00175749 0.00580773   0.999982 -0.0633611
  0.791958  -0.610556 0.00489957    4.93556   0.610576    0.791931 -0.00648233     4.37968 7.77051e-05  0.00812529    0.999967   -0.075223
    0.7855  -0.618855 0.00273986    4.97501    0.61886    0.785485 -0.00502496     4.48625 0.000957604   0.0056427    0.999984  -0.0658456
  0.779057  -0.626909 0.00749065    5.04135   0.626948    0.779044 -0.00509779     4.56403 -0.0026397 0.00866771   0.999959 -0.0525312
  0.773133  -0.634228 0.00454133    5.06855   0.634244    0.773115 -0.00526209     4.66583 -0.000173601    0.0069486     0.999976   -0.0504708
  0.766663  -0.642015 0.00663094    5.14096   0.642049    0.766636 -0.00653876     4.75024 -0.000885527   0.00927042     0.999957   -0.0684032
  0.759921  -0.650002 0.00412628    5.17631   0.650014    0.759895 -0.00646482     4.85873  0.0010666  0.0075949   0.999971 -0.0557274
  0.753116  -0.657859 0.00616627    5.23024   0.657888    0.753083 -0.00704278     4.94576 -1.05528e-05   0.00936074     0.999956   -0.0679999
  0.746327  -0.665562 0.00487119    5.26205   0.665579    0.746303 -0.00594095     5.04898 0.000318683  0.00767606     0.99997  -0.0412957
  0.739841  -0.672745 0.00706342    5.31498   0.672781    0.739815 -0.00620426     5.13751 -0.00105174   0.0093423    0.999956  -0.0522336
  0.733184  -0.680017 0.00437087    5.34754   0.680031    0.733164 -0.00534076     5.23933 0.000427239  0.00688809    0.999976  -0.0418262
  0.726084  -0.687564 0.00763108    5.41739   0.687605    0.726054 -0.00669154     5.32998 -0.000939715    0.0101058     0.999948   -0.0548309
   0.71918  -0.694802 0.00556404    5.43955  0.694824   0.719159 -0.0055362    5.43159 -0.000154868   0.00784755     0.999969   -0.0295636
  0.712142  -0.702001 0.00699809    5.49386   0.702036    0.712112 -0.00653064     5.51989 -0.000398905   0.00956365     0.999954   -0.0588112
 0.706132 -0.707378 0.0315262   5.64415  0.708079   0.705506 -0.0297385    5.54785 -0.00120558   0.0433224     0.99906  -0.0312724
  0.697284  -0.716742 0.00871067    5.57915   0.716793    0.697259 -0.00613929     5.71724 -0.00167331   0.0105246    0.999943  -0.0320012
  0.690293  -0.723481 0.00838695    5.57911   0.723527    0.690278 -0.00506977       5.828 -0.00212144  0.00956781    0.999952  0.00229071
  0.68201 -0.731273 0.0101131   5.67164   0.731341    0.681974 -0.00722574     5.92149 -0.00161289   0.0123242    0.999923  -0.0334696
  0.674557  -0.738168 0.00893377    5.67688   0.738221    0.674531 -0.00615951     6.01912 -0.00147934     0.01075    0.999941  -0.0167798
   0.66586  -0.746009 0.00998465    5.77629   0.746076    0.665816 -0.00772177     6.11856 -0.000887435    0.0125909      0.99992   -0.0488991
  0.658903  -0.752184 0.00813238    5.74979   0.752228    0.658866 -0.00698452     6.23005 -0.000104508    0.0107195     0.999943   -0.0466936
  0.650527  -0.759418 0.00993864    5.81448   0.759483    0.650482 -0.00770198     6.33447 -0.00061588   0.0125586    0.999921  -0.0711559
   0.64181  -0.766814 0.00877444    5.83665   0.766863    0.641779 -0.00636874     6.43659 -0.000747617    0.0108163     0.999941   -0.0336041
  0.633928  -0.773335 0.00940985    5.89054   0.773392    0.633876 -0.00808036     6.53423 0.000284147   0.0123999    0.999923  -0.0655725
  0.626302   -0.77952 0.00974164    5.88184   0.779579    0.626279 -0.00558871     6.64941 -0.00174448   0.0110946    0.999937  -0.0099835
  0.616706  -0.787138 0.00939698     5.9428   0.787194    0.616656 -0.00783124     6.75181 0.000369554   0.0122268    0.999925  -0.0738645
  0.607909  -0.793961 0.00852542    5.95579   0.794006    0.607883 -0.00563059     6.85866 -0.000711991    0.0101921     0.999948   -0.0391534
  0.600034  -0.799927 0.00865171    6.00284   0.799974    0.599987 -0.00757095     6.96867 0.000865294    0.011464    0.999934  -0.0868308
  0.591608  -0.806171 0.00945374    6.01661   0.806223    0.591596 -0.00427202     7.07642 -0.00214882   0.0101492    0.999946  -0.0240367
  0.584395  -0.811415 0.00940413    6.02864   0.811469    0.584366 -0.00594261     7.18449 -0.00067353    0.011104    0.999938  -0.0577887
  0.574637  -0.818361 0.00879611    6.04137   0.818408    0.574615 -0.00504428     7.29354 -0.000926337    0.0100974     0.999949   -0.0270304
  0.566089  -0.824285 0.00988023     6.0627   0.824342    0.566073 -0.00463399     7.40614 -0.0017732  0.0107679    0.99994 -0.0278076
  0.556375  -0.830889 0.00835588    6.07601   0.830931    0.556352 -0.00501061      7.5065 -0.000485556   0.00973094     0.999952    -0.030208
  0.548753  -0.835929 0.00962013    6.11114   0.835984    0.548734 -0.00473723     7.62236 -0.0013189  0.0106418   0.999943 -0.0431626
 0.545261 -0.837732  0.029932   6.29321 0.837499  0.545942 0.0233027   7.75728-0.0358625  0.0123619    0.99928   0.289533
 0.528216 -0.849026 0.0119532   6.22419   0.849101    0.528224 -0.00273288     7.82126 -0.00399369    0.011593    0.999925  -0.0205394
 0.520778 -0.853626 0.0106495   6.15946   0.853689    0.520772 -0.00354056      7.9382 -0.00252366   0.0109352    0.999937  -0.0206564
 0.510755 -0.859614 0.0139112   6.23866   0.859714    0.510768 -0.00290446      8.0379 -0.00460868   0.0134431    0.999899 -0.00830754
 0.502382 -0.864583 0.0103968   6.19315   0.864643    0.502373 -0.00363844     8.14365 -0.00207737   0.0108174    0.999939  -0.0268793
 0.492836 -0.869999 0.0146509   6.25434    0.87011    0.492849 -0.00300121     8.24988 -0.00460961    0.014227    0.999888 -0.00183061
 0.483198 -0.875438 0.0112892   6.23328   0.875507    0.483196 -0.00304512     8.35205 -0.0027891  0.0113552   0.999932   -0.01673
 0.474663  -0.87999 0.0176519   6.26557    0.880132      0.47473 -0.000488054      8.46919 -0.00795041   0.0157677    0.999844   0.0345452
 0.465387 -0.884997 0.0139836   6.24453    0.885089     0.465421 -0.000883003      8.58466 -0.00572682   0.0127877    0.999902   0.0172641
 0.456993 -0.889279 0.0184541   6.27112    0.889433     0.457066 -0.000294961      8.68649 -0.00817242   0.0165485     0.99983    0.037117
 0.448003 -0.893907 0.0149603   6.25419   0.894019    0.448024 -0.00205647     8.79961 -0.0048643  0.0142961   0.999886  0.0156235
 0.438448 -0.898531  0.020121   6.28573    0.898719     0.438525 -0.000654414      8.90592 -0.00823555   0.0183701    0.999797   0.0467605
 0.428334 -0.903479  0.015975   6.27374   0.903607    0.428356 -0.00214145     9.01688 -0.00490823   0.0153524     0.99987   0.0206995
 0.420502 -0.907098 0.0187332   6.26342     0.90726      0.42057 -0.000299012       9.1275 -0.0076074  0.0171216   0.999824  0.0372682
 0.406086 -0.913736 0.0134835     6.396  0.913823    0.40596 -0.0111602    9.19058 0.00472369  0.0168535   0.999847  -0.151317
 0.400119 -0.916344 0.0147841   6.29311   0.916449    0.400152 -0.00082874     9.33579 -0.00515648   0.0138805     0.99989   0.0164267
 0.390151 -0.920686 0.0109798   6.26779  0.920751   0.390133 -0.0038033    9.43692 -0.000781921    0.0115935     0.999933   -0.0273767
 0.380899 -0.924487 0.0154588   6.28938   0.924607    0.380919 -0.00178396      9.5491 -0.00423928   0.0149728    0.999879   0.0147216
 0.370007 -0.928949 0.0121769   6.27776   0.929029    0.369984 -0.00416697      9.6457 -0.000634376    0.0128545     0.999917   -0.0186277
 0.362302 -0.931926 0.0158392    6.2855   0.932054    0.362313 -0.00224833     9.76381 -0.00364349   0.0155776    0.999872   0.0136029
 0.346142 -0.938039 0.0163954   6.62373  0.938078   0.346311 0.00886416    9.81431 -0.0139928  0.0123119   0.999826  -0.145437
 0.343452 -0.939026 0.0164474      6.28    0.939154     0.343497 -8.70984e-05      9.98122 -0.00556783   0.0154765    0.999865   0.0302263
 0.333889 -0.942528 0.0126447   6.24462    0.94261    0.333886 -0.00235542     10.0857 -0.00200183   0.0127054    0.999917 -0.00566244
 0.323288 -0.946187 0.0146733   6.26669    0.946292     0.323313 -0.000728378        10.19 -0.00405488   0.0141207    0.999892   0.0133019
  0.31383 -0.947585 0.0599422   6.21656  0.949342   0.312086 -0.0367781    10.35610.0161432 0.0684477  0.997524 0.0938485
 0.304422 -0.952428 0.0144178   6.23845   0.952531    0.304438 -0.00105964     10.4042 -0.00338009   0.0140559    0.999896  0.00946679
 0.294975 -0.955409 0.0135243   6.21072   0.955504    0.294958 -0.00327804     10.5162 -0.000857229    0.0138894     0.999903    -0.010978
 0.285721 -0.958171 0.0165107   6.21489   0.958301    0.285761 5.35757e-05      10.619 -0.00476944   0.0158069    0.999864   0.0264623
 0.274683 -0.961411 0.0154357   6.19679   0.961534    0.274669 -0.00310154     10.7229 -0.00125786    0.0156939     0.999876 -0.000834409
 0.266475 -0.963626 0.0204102    6.1754   0.963823    0.266543 0.000660374     10.8331 -0.00607655   0.0194958    0.999791   0.0446182
 0.255592 -0.966639 0.0167516   6.17758  0.966782   0.255595 -0.0020111    10.9404 -0.00233762   0.0167092    0.999858   0.0149062
 0.247357 -0.968732 0.0193135   6.15325  0.968904   0.247431 0.00151117    11.0404 -0.00624268   0.0183392    0.999812   0.0464713
 0.236659 -0.971466 0.0156929   6.13946   0.971589    0.236672 -0.00108905     11.1519 -0.0026561  0.0155048   0.999876  0.0192416
 0.227458 -0.973627 0.0176851   6.11114 0.973764  0.227543 0.0029313   11.2505 -0.00687812   0.0165544    0.999839   0.0480394
 0.215114 -0.976478 0.0146752   6.10599    0.976585      0.21513 -0.000560072      11.3578 -0.00261018   0.0144521    0.999892   0.0167643
  0.206512  -0.978442 0.00192223    6.04101 0.978235  0.206508 0.0202712   11.4512 -0.0202312 -0.00230585    0.999793    0.240787
 0.195278 -0.980663 0.0128675   6.06742   0.980743    0.195303 0.000717731     11.5588 -0.00321692   0.0124795    0.999917   0.0149249
 0.186367 -0.982357 0.0155349   6.04634  0.982456    0.18645 0.00402626    11.6579 -0.0068517   0.014512   0.999871   0.045775
 0.175985 -0.984306 0.0130744   6.01448  0.984387   0.176015 0.00116067    11.7721 -0.00344375    0.012666    0.999914   0.0221657
  0.16661 -0.985909 0.0149851   5.98562 0.986004  0.166681 0.0035898   11.8698 -0.00603694   0.0141773    0.999881   0.0369903
 0.155593 -0.987745 0.0123049   5.96544  0.987814   0.155626 0.00177576    11.9773 -0.00366896   0.0118786    0.999923   0.0204245
 0.146162 -0.989137 0.0156449   5.94368  0.989231   0.146262 0.00550142    12.0818 -0.00772993   0.0146723    0.999862   0.0510399
 0.135985 -0.990618 0.0135641    5.9057  0.990702   0.136028 0.00224775    12.1916 -0.00407176   0.0131323    0.999906   0.0229063
 0.125562 -0.991961 0.0157033   5.88734  0.992062   0.125653 0.00497485    12.2897 -0.00690802    0.014954    0.999864   0.0429696
 0.115502 -0.993204 0.0142871   5.84853  0.993301   0.115541 0.00194139    12.3944 -0.00357896   0.0139672    0.999896   0.0207208
 0.105987 -0.994249  0.015387   5.82265  0.994349   0.106067 0.00448389    12.4925 -0.00609015   0.0148248    0.999872   0.0356298
0.0961274 -0.995273 0.0138213    5.7858  0.995359  0.0961802 0.00320609       12.6 -0.00452027    0.013449    0.999899    0.030597
0.0855537 -0.996222 0.0148848   5.76401   0.99631  0.0856443 0.00555848     12.701 -0.00681228   0.0143543    0.999874   0.0380242
0.0747744 -0.997105 0.0138251   5.72105 0.997189 0.0748339 0.0038376   12.7973 -0.00486108   0.0134993    0.999897   0.0296895
0.0645547 -0.997805 0.0147364   5.69726  0.997892  0.0646438 0.00565317    12.8981 -0.00659338   0.0143404    0.999875   0.0340073
0.0538934 -0.998459 0.0132697   5.65927  0.998535  0.0539514 0.00405314    12.9981 -0.00476281   0.0130318    0.999904   0.0317612
0.0436411 -0.998933 0.0151324   5.63444  0.999026  0.0437337 0.00583874    13.0943 -0.0064943  0.0148629   0.999868  0.0346523
0.0337288 -0.999335 0.0138618   5.58434  0.999418  0.0337971 0.00472394    13.1991 -0.00518929   0.0136944    0.999893   0.0278747
0.0234384 -0.999619 0.0145781   5.55463  0.999683  0.0235686 0.00882274    13.3007 -0.00916296   0.0143667    0.999855   0.0415189
0.0124046 -0.999837 0.0131202   5.50687  0.999909  0.0124719 0.00505584    13.3984 -0.00521865   0.0130563    0.999901   0.0206726
0.00260895  -0.999898  0.0140705    5.47737  0.999977 0.00269657 0.00621205    13.4987 -0.00624936    0.014054    0.999882   0.0186453
-0.0073521  -0.999889  0.0129562    5.41311   0.999968 -0.00730958  0.00332604     13.6029 -0.00323097   0.0129802    0.999911  0.00534381
-0.0178565  -0.999745  0.0138251    5.38503   0.99983 -0.0177909 0.00485479    13.6942 -0.00460759   0.0139094    0.999893  0.00740664
-0.027569 -0.999535 0.0130046   5.32253  0.999616 -0.0275304 0.00313818    13.7986 -0.0027787  0.0130861    0.99991 0.00511146
-0.0383157  -0.999175  0.0134656    5.28894  0.999251 -0.0382385 0.00594234    13.8897 -0.00542253   0.0136832    0.999892   0.0133192
-0.0490418  -0.998742  0.0104339    5.23308  0.998793 -0.0490088  0.0033886     13.992 -0.00287299   0.0105875     0.99994 -0.00176632
-0.0593422  -0.998191 0.00969088    5.18907  0.998228 -0.0592956 0.00502167    14.0846 -0.00443796   0.0099717     0.99994 -0.00649247
-0.0614917  -0.997974   0.016358    5.18601  0.996634 -0.0605026  0.0553112     14.165 -0.0542094  0.0197042   0.998335   0.340099
-0.0803253  -0.996721 0.00978313    5.10079  0.996763 -0.0802867 0.00427632    14.2772 -0.00347685    0.010095    0.999943 -0.00943062
-0.0900129  -0.995883   0.010724    5.04503  0.995939 -0.0899865 0.00291965    14.3804 -0.00194262   0.0109433    0.999938 -0.00709497
 -0.101246   -0.99482 0.00908112    5.00689  0.994855  -0.101209 0.00448675    14.4625 -0.00354442  0.00948866    0.999949  -0.0112305
-0.111294 -0.993734 0.0103221   4.94437  0.993786  -0.111267 0.00315974     14.565 -0.00199144   0.0106096    0.999942  -0.0092066
-0.121662 -0.992516 0.0104949   4.89962  0.992566  -0.121618 0.00471395    14.6458 -0.00340231   0.0109904    0.999934 -0.00646187
-0.131701 -0.991245 0.0093577   4.83996  0.991288   -0.13168 0.00288965    14.7403 -0.00163214   0.00965675     0.999952 -0.000781305
  -0.14211  -0.989812 0.00878468    4.79839  0.989848  -0.142083 0.00360676    14.8286 -0.00232186  0.00920806    0.999955 -0.00299611
-0.152402 -0.988288  0.007809   4.72825   0.988318   -0.152402 0.000675332     14.9232 0.000522684   0.0078207    0.999969  -0.0154452
 -0.162585  -0.986648 0.00959539    4.68645  0.986692  -0.162557 0.00364389    15.0072 -0.00203544   0.0100601    0.999947 -0.00211839
 -0.172329     -0.985 0.00877575    4.62142   0.985039   -0.172331 0.000605711     15.1049 0.000915705  0.00874884    0.999961  -0.0145643
 -0.182221  -0.983241 0.00576107    4.57148  0.983258  -0.182215 0.00152581    15.1872 -0.000450491   0.00594265     0.999982    -0.019635
 -0.192394  -0.981275 0.00921108    4.51201   0.981316   -0.192401 0.000103382     15.2829 0.00167078 0.00905888   0.999958 -0.0282631
  -0.20234  -0.979271 0.00935051    4.44543  0.979315  -0.202337 0.00129957    15.3576 0.000619317  0.00942005    0.999955  -0.0356805
 -0.21258  -0.97709 0.0102479   4.38142     0.97714    -0.212597 -0.000628049      15.4542 0.00279234 0.00988014   0.999947 -0.0434529
  -0.22192  -0.975017 0.00966753    4.32122 0.975064 -0.221924 0.0006223   15.52920.00153871 0.00956456   0.999953 -0.0418396
 -0.231788  -0.972735 0.00780249    4.25246  0.972761  -0.231807 -0.0015202    15.6268 0.00328742  0.0072376   0.999968 -0.0467718
 -0.241057  -0.970473 0.00855908    4.18681   0.970509   -0.241063 0.000310068     15.7035 0.00176237 0.00838141   0.999963 -0.0470107
 -0.251871  -0.967721 0.00882933    4.12575    0.967756    -0.251889 -0.000958969      15.7969 0.00315202  0.0083031   0.999961 -0.0526631
-0.261542 -0.965136 0.0103834   4.06381  0.965191  -0.261545 0.00102384    15.87460.00172758  0.0102897   0.999946 -0.0511851
 -0.271989  -0.962262 0.00862221    4.00374   0.962287   -0.272021 -0.00271795     15.9668 0.00496081 0.00755779   0.999959 -0.0661821
-0.280664  -0.95975 0.0103655   3.93227   0.959804    -0.28067 0.000951001     16.0478 0.00199657  0.0102158   0.999946 -0.0573023
-0.291186 -0.956594 0.0117878   3.86621    0.956657    -0.291215 -0.000805171      16.1365  0.004203  0.0110424    0.99993 -0.0685243
-0.300771 -0.953625 0.0116507   3.80233  0.953694  -0.300774 0.00148377    16.2119 0.00208926  0.0115574   0.999931 -0.0631733
 -0.31147 -0.950175 0.0123921   3.72744    0.950246    -0.311501 -0.000569149      16.2983 0.00440095  0.0115983   0.999923 -0.0823948
-0.320132 -0.947284 0.0129868   3.66104   0.94737  -0.320136 0.00188382    16.3819 0.00237302  0.0129064   0.999914 -0.0724777
-0.330458 -0.943746 0.0118838   3.58297   0.943811   -0.330486 -0.00045758     16.4625 0.00435928  0.0110649   0.999929 -0.0767924
-0.339889 -0.940391 0.0118295   3.51535  0.940464  -0.339886 0.00232524    16.5378 0.00183405  0.0119155   0.999927 -0.0633554
-0.351053 -0.936284 0.0115568   3.43637   0.936349   -0.351069 0.000613323     16.6155 0.00348298  0.0110365   0.999933  -0.070392
-0.359762  -0.93298 0.0109879   3.36293  0.933044   -0.35975 0.00308992     16.692 0.00107007  0.0113638   0.999935  -0.062771
-0.370617 -0.928713  0.011645    3.2918   0.928779   -0.370634 0.000762085     16.7803 0.00360826   0.011098   0.999932 -0.0809189
-0.379425 -0.925137 0.0126069   3.21497  0.925217  -0.379434 0.00175794    16.8524 0.00315714  0.0123311   0.999919 -0.0860198
-0.388526 -0.921347 0.0129507   3.14982  0.92023 -0.387259 0.0566291   16.9209 -0.0471597  0.0339195   0.998311   0.264556
-0.399178 -0.916767 0.0139828   3.06285   0.91687  -0.399174 0.00322913    17.0091 0.00262123  0.0141094   0.999897 -0.0898883
-0.409363 -0.912267 0.0138075   2.98448   0.912359    -0.40939 0.000966608     17.0899 0.00477084  0.0129931   0.999904  -0.100561
-0.417177 -0.908699 0.0151549   2.89563   0.90882  -0.417172 0.00361635    17.1537 0.00303603  0.0152817   0.999879  -0.104417
-0.427822 -0.903742 0.0147973   2.82472 0.903853 -0.427837 0.0023569   17.2396 0.0042008  0.0143829   0.999888 -0.0966357
-0.436154 -0.899743 0.0152216   2.73193  0.899868  -0.436138 0.00455356    17.2945 0.00254167  0.0156835   0.999874 -0.0926015
-0.447057 -0.894382 0.0148369    2.6696 0.894493 -0.447076 0.0021638   17.3776 0.00469795  0.0142388   0.999888 -0.0954775
-0.454067  -0.89083 0.0156664   2.56518  0.890959  -0.454068 0.00374679    17.4337 0.00377585  0.0156594    0.99987 -0.0925596
-0.464567 -0.885401 0.0155468    2.5095  0.885524  -0.464587 0.00251564    17.5174 0.0049955  0.0149357   0.999876 -0.0917565
-0.471887 -0.881535 0.0147972    2.4046  0.881655   -0.47187 0.00483535    17.5725 0.00271983  0.0153278   0.999879 -0.0807262
-0.483042 -0.875467 0.0151036   2.34209  0.875587  -0.483049 0.00340628    17.6466 0.00431371  0.0148699    0.99988 -0.0822763
-0.490007  -0.87159 0.0149651   2.24161 0.871714 -0.489985 0.0053829   17.7068 0.00264097  0.0156829   0.999874 -0.0779493
 -0.478416  -0.878085 0.00919392      2.221 0.876904 -0.477166 0.0578924   17.6231 -0.0464475  0.0357588    0.99828  -0.084984
-0.507395 -0.861605 0.0136861   2.07556  0.861712  -0.507361 0.00613309    17.8322 0.00165951  0.0149054   0.999888 -0.0628347
-0.517913 -0.855334  0.013072   2.00972  0.85543 -0.517892 0.0051489   17.9107 0.00236586  0.0138489   0.999901 -0.0570312
 -0.52438 -0.851404 0.0117222   1.90993  0.851484  -0.524341 0.00641837    17.9584 0.000681805   0.0133469    0.999911  -0.0436252
-0.534848 -0.844863 0.0119886   1.84785  0.844946  -0.534827 0.00515179    18.0319 0.00205928  0.0128852   0.999915 -0.0458918
-0.541731 -0.840481  0.010929   1.74435  0.840552  -0.541691 0.00653095    18.0806 0.000431025   0.0127244    0.999919  -0.0375241
-0.55164 -0.83401 0.010956  1.66743  0.834082  -0.551605 0.00630267    18.1524 0.000786865    0.012615     0.99992  -0.0307128
 -0.558585  -0.829388 0.00991439    1.57015  0.829447  -0.558531 0.00784008    18.1971 -0.000964974    0.0126028      0.99992   -0.0244416
 -0.568263  -0.822803 0.00844121    1.48952  0.822846   -0.56822 0.00706683    18.2686 -0.00101815   0.0109616    0.999939  -0.0159662
 -0.574661  -0.818356 0.00762685    1.38453  0.818383  -0.574587 0.00997537    18.3156 -0.00378111   0.0119741    0.999921  0.00407953
   -0.5845  -0.811356 0.00784699    1.31097  0.811391  -0.584444 0.00833631    18.3877 -0.00217759   0.0112395    0.999934 -0.00475263
 -0.590977  -0.806654 0.00744661    1.19864 0.806677 -0.590894 0.0108362   18.4308 -0.00434094    0.012411    0.999914  0.00808315
 -0.600753  -0.799397 0.00783729     1.1179  0.799429   -0.60068 0.00984878    18.4999 -0.00316537    0.012182    0.999921  0.00516915
 -0.606914  -0.794731 0.00764974     1.0114 0.794755 -0.606821 0.0115278   18.5436 -0.00451949   0.0130761    0.999904  0.00355446
 -0.616651  -0.787197 0.00791976   0.935884 0.787225 -0.616555 0.0116741    18.609 -0.00430687   0.0134335    0.999901   0.0120663
 -0.622735  -0.782406 0.00652681   0.821954  0.78239 -0.622592 0.0156573    18.654 -0.00818684   0.0148569    0.999856   0.0286754
-0.633106 -0.774029 0.0075404  0.738182 0.774047 -0.632994 0.0129828   18.7147 -0.00527603   0.0140561    0.999887  0.00979173
 -0.639798  -0.768525 0.00524271   0.629642 0.768444 -0.639592 0.0203966   18.7564 -0.0123221  0.0170784   0.999778  0.0532385
 -0.649275  -0.760534 0.00551942   0.546919 0.760476 -0.649086 0.0190866   18.8259 -0.0109334  0.0165898   0.999803  0.0470154
 -0.655865  -0.754865 0.00438704   0.441306 0.754745  -0.65563 0.0225419   18.8656 -0.0141398  0.0180956   0.999736  0.0638961
 -0.665438  -0.746438 0.00488737   0.351251 0.746354 -0.665228 0.0206889   18.9237 -0.0121918  0.0174149   0.999774  0.0556896
 -0.672699  -0.739904 0.00415148   0.245636 0.739769 -0.672444 0.0236794   18.9623 -0.0147288  0.0190002   0.999711  0.0672086
 -0.682043  -0.731297 0.00470469   0.153337 0.731203 -0.681816 0.0216608   19.0183 -0.0126328  0.0182137   0.999754  0.0566496
 -0.687688  -0.725997 0.00378861  0.0412177 0.725865  -0.68744 0.0233679   19.0546 -0.0143606  0.0188198    0.99972  0.0661159
 -0.697092  -0.716968 0.00446143 -0.0518692 0.716869 -0.696859 0.0220442   19.1031 -0.012696 0.0185651  0.999747 0.0579828
 -0.703785  -0.710407 0.00290432  -0.165834 0.710254 -0.703535 0.0240356   19.1361 -0.0150317  0.0189787   0.999707  0.0683729
 -0.713802  -0.700337 0.00383603  -0.259236 0.700222 -0.713561 0.0228115   19.1866 -0.0132385   0.018969   0.999732  0.0602707
 -0.720279  -0.693675 0.00367942  -0.369483  0.69355 -0.720023 0.0235633   19.2145 -0.013696  0.019524  0.999716 0.0538556
 -0.728737  -0.684785 0.00339281  -0.472682 0.684655  -0.72848 0.0237775   19.2629 -0.0138109  0.0196505   0.999712  0.0593365
 -0.735947  -0.677033 0.00276366  -0.570755  0.67688  -0.73568 0.0246693   19.2805 -0.0146688   0.020026   0.999692  0.0565645
 -0.743972  -0.668204 0.00298375   -0.68246 0.668098 -0.743756 0.0217148   19.3161 -0.0122907  0.0181486    0.99976  0.0433553
 -0.751458  -0.659779 0.00154701  -0.785702 0.659583 -0.751174  0.026227   19.3517 -0.0161419  0.0207289   0.999655  0.0607784
 -0.759389  -0.650634 0.00196847  -0.894911 0.650504  -0.75917 0.0225006   19.3869 -0.0131453  0.0183672   0.999745  0.0478361
  -0.767256    -0.64134 0.000860365   -0.988998 0.641213 -0.767077 0.0209651   19.4251 -0.0127858  0.0166373    0.99978  0.0408449
  -0.775663   -0.631146 0.000791399     -1.0928  0.63103 -0.775495 0.0202119   19.4664 -0.0121429   0.016177   0.999795  0.0465782
   -0.782769    -0.622312 -0.000894634     -1.19563 0.622165 -0.782614 0.0206193   19.4866 -0.0135318  0.0155835   0.999787  0.0482748
 -0.790419  -0.612566 0.00109562   -1.31015  0.61249  -0.79029 0.0172479   19.5204 -0.00969962   0.0143041    0.999851   0.0292915
   -0.796383    -0.604792 -0.000522939     -1.41444 0.604671 -0.796241 0.0193478   19.5258 -0.0121178  0.0150921   0.999813  0.0369715
   -0.804158    -0.594416 -0.000698717     -1.52555 0.594311 -0.804037 0.0178589   19.5636 -0.0111774  0.0139461    0.99984  0.0391363
  -0.808167   -0.588948 -0.00263938    -1.63157 0.588769 -0.808017 0.0214168   19.5712 -0.014746 0.0157543  0.999767 0.0460094
  -0.817055   -0.576559 0.000304071    -1.74472 0.576478 -0.816931 0.0172191   19.6016 -0.00967942   0.0142442    0.999852   0.0308899
   -0.823935    -0.566684 -0.000684587      -1.8483  0.56656 -0.823779 0.0199185   19.6201 -0.0118514  0.0160237   0.999801  0.0427041
 -0.830541  -0.556957 0.00074443   -1.96385 0.556893 -0.830425 0.0162879   19.6406 -0.00845349   0.0139424    0.999867   0.0252478
  -0.837131      -0.547 -0.00150785    -2.06372 0.546865 -0.836981 0.0200414   19.6585 -0.0122247  0.0159527   0.999798  0.0454715
   -0.842798    -0.538229 -0.000495108      -2.1814 0.538161 -0.842705 0.0152038   19.6684 -0.00860033   0.0125473    0.999884   0.0233772
  -0.849337   -0.527846 -0.00228199    -2.28062 0.527719 -0.849214  0.018672   19.6912 -0.0117938  0.0146545   0.999823   0.039988
  -0.855352   -0.518045 -0.00157443    -2.39619 0.517962 -0.855263 0.0154729   19.7021 -0.00936219   0.0124193    0.999879   0.0283697
  -0.861451   -0.507835 -0.00228359    -2.50134 0.507726 -0.861344 0.0173255    19.712 -0.0107654  0.0137656   0.999847  0.0332229
    -0.86744    -0.497541 -0.000961931     -2.62135 0.497481 -0.867362 0.0139853   19.7195 -0.00779262   0.0116529    0.999902   0.0189163
  -0.872892   -0.487907 -0.00227925    -2.72801 0.487801 -0.872783  0.017326   19.7266 -0.0104428  0.0140119   0.999847  0.0324624
   -0.878496     -0.47775 -0.000223311     -2.84389   0.4777  -0.87841 0.0140802   19.7352 -0.00692298   0.0122627    0.999901   0.0152089
  -0.884206   -0.467094 -0.00185167    -2.94974 0.466987 -0.884076 0.0182421   19.7405 -0.0101578  0.0152651   0.999832  0.0309254
  -0.890069   -0.455824 -0.00098172     -3.0607 0.455758 -0.889972 0.0153074   19.7467 -0.00785121   0.0131773    0.999882   0.0207098
   -0.89528   -0.445502 -0.00138212    -3.17087 0.445403 -0.895137 0.0185854   19.7527 -0.00951703   0.0160235    0.999826   0.0285287
  -0.900122   -0.435637 -0.00133529    -3.29349 0.435553      -0.9 0.0171144   19.7422 -0.00865743   0.0148235    0.999853   0.0316831
  -0.905905   -0.423478 -0.00167425     -3.3922 0.423373 -0.905755 0.0190422   19.7584 -0.00958043   0.0165416    0.999817    0.031436
  -0.910678   -0.413114 -0.00123635    -3.50789 0.413027 -0.910541 0.0179688   19.7544 -0.0085489  0.0158531   0.999838  0.0288548
  -0.915258   -0.402865 -0.00150068    -3.61085 0.402764 -0.915102 0.0192266   19.7584 -0.00911898   0.0169929    0.999814   0.0250283
  -0.919812   -0.392357 -0.00135008    -3.73239 0.392253 -0.919636 0.0201921   19.7453 -0.00916409   0.0180434    0.999795   0.0287925
  -0.924006   -0.382372 -0.00185535    -3.83918 0.382245 -0.923806 0.0217165   19.7515 -0.0100178   0.019357   0.999762  0.0285431
  -0.928579   -0.371132 -0.00131002    -3.94932 0.371038 -0.928412 0.0195201   19.7417 -0.00846079   0.0176399    0.999809   0.0250138
  -0.932215     -0.3619 -0.00208873    -4.05469   0.3618 -0.932066  0.018818    19.743 -0.00875707   0.0167867    0.999821   0.0186462
  -0.936072   -0.351807 -0.00146571    -4.16701 0.351725 -0.935929 0.0180586    19.723 -0.00772495   0.0163887    0.999836    0.020925
  -0.939886    -0.34148 -0.00229813    -4.27478 0.341386  -0.93975 0.0180442   19.7195 -0.0083214   0.016175   0.999834  0.0142179
  -0.943878   -0.330287 -0.00201455    -4.38298   0.3302  -0.94374 0.0179883   19.6993 -0.00784251   0.0163136    0.999836   0.0219346
  -0.947009   -0.321201 -0.00208737     -4.4933 0.321111 -0.946864 0.0183288   19.6999 -0.00786369   0.0166873     0.99983   0.0130427
  -0.950627   -0.310328 -0.00202623    -4.59636 0.310241 -0.950482 0.0182777   19.6895 -0.00759797   0.0167467    0.999831   0.0204287
  -0.953701   -0.300748 -0.00232336    -4.70497 0.300646  -0.95353 0.0198066   19.6839 -0.00817221   0.0181911    0.999801   0.0182708
  -0.957195   -0.289439 -0.00160757     -4.8083 0.289355 -0.957027 0.0193051   19.6719 -0.00712613   0.0180136    0.999812    0.016545
  -0.960463   -0.278402 -0.00201657    -4.91313 0.278309 -0.960286 0.0198881   19.6624 -0.00747337   0.0185405      0.9998  0.00645486
  -0.963066   -0.269262 -0.00132671    -5.02689 0.269191 -0.962902 0.0188563   19.6372 -0.00635477   0.0178027    0.999821   0.0090518
  -0.965887   -0.258958 -0.00180787    -5.12688 0.258878 -0.965722 0.0190423   19.6258 -0.00667707   0.0179247    0.999817  0.00317751
  -0.968692   -0.248257 -0.00222817     -5.2325 0.248171 -0.968528 0.0191101   19.5994 -0.00690225   0.0179588    0.999815   0.0144405
  -0.971135   -0.238526 -0.00163715    -5.34473 0.238454 -0.970971  0.018868    19.577 -0.00609014    0.017933    0.999821 -0.00194672
  -0.97408  -0.226202 -0.0012888   -5.44387 0.226146 -0.973939   0.01736    19.564 -0.00518206   0.0166185    0.999848  0.00605197
  -0.976193   -0.216898 -0.00160334    -5.55132 0.216835 -0.976043 0.0179651    19.544 -0.00546152   0.0171897    0.999837 -0.00260376
   -0.978586    -0.205835 -0.000936421     -5.65659 0.205794 -0.978465 0.0159439   19.5337 -0.00419807   0.0154098    0.999872 -0.00198974
  -0.980755   -0.195228 -0.00232146    -5.76235 0.195164 -0.980631 0.0165213   19.5133 -0.00550192   0.0157503    0.999861 -0.00910177
  -0.982912    -0.18407 -0.00145283    -5.87135  0.18403 -0.982811 0.0146576   19.4954 -0.00412589   0.0141398    0.999892  -0.0144948
  -0.984775   -0.173801 -0.00322615    -5.97266 0.173732 -0.984671 0.0154727    19.473 -0.00586588   0.0146767    0.999875  -0.0120647
 -0.986647  -0.162871 -0.0011169   -6.07477 0.162836  -0.98654 0.0149623   19.4517 -0.00353879   0.0145806    0.999887  -0.0214324
   -0.98812   -0.153656 -0.00277993    -6.17526 0.153597 -0.988015 0.0152975   19.4152 -0.00509716   0.0146888    0.999879  -0.0162836
   -0.989611    -0.143768 -0.000949534     -6.28729 0.143737 -0.989499 0.0151844   19.3891 -0.0031226  0.0148902   0.999884 -0.0194415
 -0.991111  -0.133012 -0.0027777    -6.3817 0.132949 -0.990987 0.0164133   19.3489 -0.00493583   0.0158981    0.999861  -0.0161664
  -0.992369   -0.123297 -0.00133649    -6.48821  0.12326 -0.992246 0.0159447   19.3026 -0.00329205   0.0156582    0.999872  -0.0200247
  -0.993677   -0.112201 -0.00422307    -6.58041 0.112115 -0.993551 0.0169023   19.2764 -0.00609229    0.016322    0.999848  -0.0047592
  -0.994837   -0.101423 -0.00353279    -6.68452 0.101355 -0.994725 0.0157767   19.2424 -0.00511428   0.0153372    0.999869 -0.00580095
  -0.995762  -0.0917032 -0.00699465    -6.78513 0.0915669  -0.99564 0.0178041   19.2155 -0.00859685   0.0170881    0.999817   0.0152294
  -0.996779  -0.0800307 -0.00525296     -6.9002 0.0799372  -0.99667 0.0160918    19.183 -0.00652331     0.01562    0.999857 -0.00301422
  -0.997526  -0.0696262 -0.00967054    -6.98833 0.0694507 -0.997433  0.017433    19.149 -0.0108595  0.0167183   0.999801  0.0288032
  -0.998261   -0.058645 -0.00603473    -7.09599 0.0585442 -0.998161 0.0157091   19.1112 -0.00694489   0.0153285    0.999858 0.000516656
  -0.998767  -0.0487235 -0.00951343    -7.18859 0.0485613 -0.998682 0.0165958    19.069 -0.0103095  0.0161134   0.999817  0.0259716
  -0.999291  -0.0372042 -0.00570047    -7.30224 0.0371122 -0.999191 0.0154769   19.0257 -0.00627167   0.0152544    0.999864  0.00235205
 -0.999899 -0.0131834 0.00529283   -7.30011 0.0132801 -0.999737 0.0186841    18.997 0.00504512  0.0187525   0.999811   0.032246
  -0.999883  -0.0139414 -0.00625526    -7.49591 0.0138415  -0.99978  0.015741   18.9547 -0.00647334   0.0156526    0.999857  0.00906376
  -0.999946 -0.00355497 -0.00979871    -7.59027 0.00338744  -0.999849  0.0170607    18.9142 -0.00985788   0.0170265    0.999806   0.0305268
   -0.99996 -0.00501499  0.00746347    -7.58843 0.00515912  -0.999798   0.019419    18.7376 0.00736458  0.0194567   0.999784   -0.38262
 -0.999796  0.0171211 -0.0107021   -7.79587 -0.0173152  -0.999682  0.0183197    18.8199 -0.0103851  0.0185013   0.999775  0.0354491
  -0.999541   0.0290761 -0.00850682    -7.89761 -0.0292188  -0.999426  0.0171608    18.7632 -0.00800297   0.0174015    0.999817   0.0202934
-0.999189 0.0379612 -0.013433  -7.99211 -0.038218 -0.999081 0.0194011   18.7174 -0.0126842  0.0198987   0.999721  0.0431396
  -0.9987 0.0496414 -0.011582  -8.09412 -0.0498516  -0.998583  0.0186233    18.6597 -0.0106411  0.0191765   0.999759  0.0351601
 -0.998024  0.0605747 -0.0166681   -8.18309 -0.0609141  -0.997929  0.0206671    18.6133 -0.0153817  0.0216416   0.999647  0.0482335
 -0.997146  0.0739378 -0.0152917   -8.28707 -0.0742362  -0.997041  0.0199655    18.5579 -0.0137703  0.0210437   0.999684  0.0482434
 -0.996631  0.0801629 -0.0173476   -8.38338 -0.0805282  -0.996521  0.0214929    18.5007 -0.0155643  0.0228175   0.999618  0.0556287
 -0.995564   0.092975 -0.0144166   -8.48083 -0.0932472  -0.995452  0.0195241    18.4491 -0.0125358  0.0207818   0.999705  0.0455029
 -0.994576   0.102579 -0.0171954   -8.57296 -0.102931 -0.994466 0.0210566      18.4 -0.0149403  0.0227123    0.99963  0.0551154
 -0.993091   0.116461 -0.0143758   -8.67001 -0.116736  -0.99296 0.0200592   18.3341 -0.0119385  0.0215988   0.999695  0.0464374
 -0.992086   0.124553 -0.0158683   -8.76398 -0.124875 -0.991944 0.0212952   18.2832 -0.0130881  0.0231082   0.999647  0.0487275
 -0.990552   0.136425 -0.0139837   -8.86987 -0.136687 -0.990415  0.019892   18.2219 -0.0111359  0.0216154   0.999704  0.0450052
 -0.989312   0.144968 -0.0157101    -8.9579 -0.145284 -0.989161 0.0212841   18.1777 -0.0124543   0.023339    0.99965  0.0476273
 -0.987149   0.159337 -0.0121618   -9.06202 -0.159557 -0.986988 0.0199349   18.1156 -0.0088272  0.0216192   0.999727  0.0279644
 -0.985547   0.168741 -0.0149362   -9.14069 -0.169034 -0.985382 0.0211977     18.05 -0.0111409   0.023416   0.999664  0.0351785
 -0.983557   0.180203 -0.0119167   -9.23815 -0.180415 -0.983387 0.0200186   17.9858 -0.00811135   0.0218394    0.999729   0.0219565
 -0.982301   0.186796 -0.0138552   -9.32262 -0.187067 -0.982104 0.0218582   17.9254 -0.00952422   0.0240632    0.999665   0.0266971
 -0.979494   0.201129 -0.0118083   -9.42071 -0.201334 -0.979319 0.0199667   17.8602 -0.0075482  0.0219346   0.999731  0.0197111
 -0.977634   0.209886 -0.0134336   -9.50459 -0.210138 -0.977437 0.0214193   17.7952 -0.00863489   0.0237631     0.99968   0.0204409
 -0.974673   0.223313 -0.0119444   -9.60024 -0.223522  -0.97448 0.0206524   17.7205 -0.00702763   0.0227992    0.999715   0.0170665
 -0.972098   0.234215 -0.0129689   -9.68689 -0.234447 -0.971904 0.0209105   17.6704 -0.007707 0.0233675  0.999697 0.0134438
-0.969609  0.244414  -0.01097   -9.7747 -0.244592 -0.969423 0.0198322   17.5899 -0.00578736   0.0219126    0.999743  0.00725077
 -0.966937   0.254743 -0.0117889   -9.86011 -0.254942 -0.966736 0.0206489   17.5322 -0.00613655   0.0229717    0.999717   0.0018025
 -0.963851   0.266246 -0.0101697   -9.95278 -0.266401 -0.963663 0.0195914   17.4638 -0.00458406   0.0215924    0.999756  0.00390784
  -0.96064   0.277591 -0.0106824   -10.0396 -0.277759 -0.960431 0.0205451   17.3944 -0.00455661   0.0227035    0.999732 -0.00860071
 -0.957246   0.289099 -0.0100672   -10.1215 -0.289247 -0.957053 0.0196591   17.3197 -0.00395143   0.0217305    0.999756  0.00466228
 -0.952002   0.306041 -0.0055029   -10.1835 -0.306091 -0.951858 0.0165596    17.202 -0.000170058    0.0174492     0.999848   -0.0247328
  -0.950944    0.309232 -0.00903252    -10.2815 -0.309351 -0.950767 0.0185647   17.1802 -0.00284701   0.0204482    0.999787  0.00348711
 -0.947992   0.318129 -0.0102589    -10.358 -0.318272 -0.947813 0.0188175   17.1057 -0.00373713    0.021104     0.99977  0.00834763
  -0.944004    0.329845 -0.00762804    -10.4436 -0.32993 -0.943848 0.0172191   17.0313 -0.00152009   0.0187716    0.999823  0.00353483
  -0.940137    0.340663 -0.00958063    -10.5227-0.340786 -0.939971 0.0178716   16.9589 -0.0029173  0.0200667   0.999794   0.010029
-0.942065  0.326897 -0.075185  -10.6077 -0.330546 -0.942839 0.0423543   16.9364 -0.0570419  0.0647526    0.99627   0.327793
  -0.932457    0.361171 -0.00890241    -10.6825 -0.361276 -0.932287 0.0179292   16.7996 -0.00182409   0.0199345      0.9998  0.00498031
   -0.92828    0.371853 -0.00461997     -10.763 -0.371876 -0.928123 0.0172168   16.7413 0.0021142     0.0177   0.999841 -0.0216488
  -0.924281    0.381641 -0.00736918    -10.8533 -0.381712 -0.924105  0.018062   16.6704 8.32989e-05   0.0195073     0.99981  -0.0267241
  -0.920301    0.391174 -0.00548494    -10.9239 -0.391209 -0.920145 0.0169885   16.5803 0.00159853  0.0177803   0.999841 -0.0310344
 -0.915836   0.401488 -0.0072281   -11.0046 -0.401553 -0.915655  0.018184   16.5114 0.000682211    0.019556    0.999809  -0.0391806
  -0.911112    0.412118 -0.00587261    -11.0623 -0.412156 -0.910956 0.0169332   16.4166 0.00162879  0.0178485   0.999839  -0.036267
  -0.906831    0.421411 -0.00840446     -11.147 -0.421495 -0.906653 0.0179759   16.3609 -4.46769e-05    0.0198435     0.999803   -0.0308233
  -0.902327       0.431 -0.00666509     -11.214 -0.431049 -0.902158 0.0175219   16.2761 0.00153899  0.0186835   0.999824 -0.0297039
   -0.89763    0.440668 -0.00848676     -11.291 -0.44075 -0.897448 0.0180926     16.21 0.000356415    0.019981      0.9998  -0.0281182
  -0.892347    0.451308 -0.00619947    -11.3419 -0.451344 -0.892171 0.0178609   16.1021 0.0025298  0.0187362   0.999821 -0.0392933
  -0.887561    0.460626 -0.00770135    -11.4178 -0.460689 -0.887387 0.0176224   16.0254 0.00128326  0.0191888   0.999815  -0.042356
  -0.882425    0.470417 -0.00580895      -11.47 -0.470442 -0.882254 0.0176624   15.9323 0.00318372  0.0183185   0.999827 -0.0476253
  -0.877388    0.479725 -0.00743731    -11.5438 -0.479778 -0.877208 0.0178946    15.855 0.00206039  0.0192687   0.999812 -0.0463673
     -0.872    0.489487 -0.00434913    -11.5968 -0.489485 -0.871843  0.017126   15.7489 0.00459117  0.0170627   0.999844 -0.0734241
   -0.86617    0.499691 -0.00764831    -11.6824 -0.499745 -0.865996 0.0175048   15.6899 0.00212358  0.0189843   0.999817 -0.0571106
     -0.861    0.508566 -0.00637661     -11.723 -0.508596 -0.860837 0.0170271   15.5635 0.00317016  0.0179034   0.999835 -0.0606939
  -0.855866    0.517137 -0.00793706    -11.7895 -0.517194 -0.855694 0.0172726    15.492 0.00214063   0.018888   0.999819 -0.0585098
  -0.850076    0.526623 -0.00615346    -11.8489 -0.526647 -0.849921 0.0166621   15.3973 0.00354472  0.0174048   0.999842 -0.0692833
  -0.844237    0.535916 -0.00762099    -11.9131 -0.535968 -0.844102 0.0151963   15.3312 0.00171107  0.0169139   0.999856 -0.0689331
  -0.837831    0.545905 -0.00515331    -11.9683 -0.545917 -0.837712 0.0145613    15.221 0.00363212  0.0150132   0.999881 -0.0910052
 -0.832114   0.554497 -0.0109007     -12.03 -0.5546 -0.83203 0.012091  15.1541 -0.00236525   0.0161066    0.999867  -0.0319582
  -0.826075    0.563517 -0.00695929    -12.0786 -0.563559 -0.825984 0.0123489   15.0484 0.00121055  0.0141231     0.9999 -0.0729919
 -0.819975   0.572289 -0.0112002   -12.1437 -0.572393 -0.819899 0.0114794   14.9774 -0.00261349   0.0158238    0.999871  -0.0275669
  -0.813961    0.580897 -0.00512374    -12.1797 -0.580907 -0.813852 0.0138209   14.8559 0.00385855  0.0142261   0.999891 -0.0999862
  -0.80755   0.589661 -0.0127849   -12.2487 -0.58979 -0.807467 0.0119894   14.7913 -0.00325372   0.0172225    0.999846  -0.0218883
  -0.801874    0.597466 -0.00562179    -12.2872 -0.597479 -0.801758 0.0142595   14.6804 0.00401225  0.0147932   0.999883 -0.0962337
  -0.795268    0.606233 -0.00540167     -12.317 -0.606242 -0.795152 0.0142943   14.5532 0.00437054  0.0146425   0.999883 -0.0744216
 -0.792728   0.607667 -0.0481945   -12.5523 -0.608677  -0.793373 0.00847551    14.7676 -0.0330859  0.0360536   0.998802   0.322783
  -0.781361    0.624008 -0.00947075    -12.4323 -0.62408 -0.781276 0.0115259   14.3982 -0.000207038    0.0149164     0.999889    -0.055556
 -0.770442   0.636801 -0.0300652   -12.3838 -0.637452 -0.770152 0.0228119   14.2331 -0.00862814   0.0367404    0.999288  -0.0806454
-0.766461   0.64218 -0.011958  -12.5524 -0.642289 -0.766378 0.0113767   14.2342 -0.00185848   0.0164002    0.999864  -0.0375212
  -0.760217    0.649604 -0.00915339    -12.5679 -0.649669 -0.760128 0.0116819   14.1076 0.00063087  0.0148275    0.99989 -0.0688179
-0.752261  0.658684 -0.015455  -12.652 4-0.658852 -0.752189 0.0112364   14.0469 -0.00422383   0.0186353    0.999817 -0.00659912
 -0.745563   0.666316 -0.0125857   -12.6548 -0.666433 -0.745475 0.0116138   13.9057 -0.00164387   0.0170463    0.999853  -0.0360874
-0.737516  0.675061 -0.019072  -12.7342  -0.6753 -0.737454 0.0114331   13.8434 -0.0063467  0.0213114   0.999753  0.0145845
 -0.730472   0.682774 -0.0151713   -12.7318 -0.682931 -0.730407 0.0105111   13.7003 -0.00390455    0.018039     0.99983 -0.00115813
  -0.72124   0.692472 -0.0171868   -12.8303 -0.692666 -0.721182 0.0104798   13.6456 -0.00513789   0.0194632    0.999797  0.00219186
 -0.713995   0.700005 -0.0142507   -12.8173 -0.700142  -0.713941 0.00948882    13.4974 -0.00353191   0.0167525    0.999853 -0.00680152
 -0.705159    0.70886 -0.0164026    -12.911 -0.709036 -0.705098 0.0102213   13.4377 -0.00431996   0.0188376    0.999813  -0.0131478
 -0.698234   0.715717 -0.0147651   -12.8936 -0.715859 -0.698188 0.0089562   13.2959 -0.00389872   0.0168233    0.999851  0.00132995
 -0.689644   0.723956 -0.0166781   -12.9653 -0.724139 -0.689569 0.0108069   13.2276 -0.00367699   0.0195302    0.999802 -0.00813441
-0.681486  0.731666 -0.015552  -12.9634 -0.731824  -0.681422 0.00988124    13.1042 -0.00336774   0.0181153     0.99983 -0.00162197
 -0.671327   0.740948 -0.0177597   -13.0573 -0.741154 -0.671233 0.0116789   13.0424 -0.00326743    0.021003    0.999774  -0.0165257
 -0.664436   0.747188 -0.0153296   -13.0365 -0.747342 -0.664355 0.0106305   12.8917 -0.00224133   0.0185198    0.999826   -0.019609
 -0.654955   0.755461 -0.0176934   -13.1166 -0.755662 -0.654862 0.0114153    12.819 -0.00296296   0.0208467    0.999778  -0.0166723
-0.647281   0.76133 -0.037467  -13.4461 -0.762175 -0.647131 0.0176544   13.2218 -0.0108052  0.0399837   0.999142 0.00180038
  -0.63774   0.770064 -0.0169843   -13.1612 -0.770248 -0.637652 0.0108695   12.5937 -0.00245982    0.020014    0.999797  -0.0134341
 -0.629951   0.776545 -0.0118136   -13.1427 -0.776633 -0.629843  0.011827   12.4663 0.00174345  0.0166253    0.99986 -0.0549299
  -0.61909   0.785189 -0.0143584   -13.2127 -0.78532 -0.618998   0.01068   12.3857 -0.000502021    0.0178878      0.99984    -0.025248
 -0.611578   0.791066 -0.0136761   -13.1978 -0.791184 -0.611463 0.0118922   12.2509 0.00104511  0.0180933   0.999836 -0.0302193
-0.601009  0.799127 -0.013555  -13.2731 -0.799242 -0.600906 0.0111366   12.1808 0.000754279    0.017527    0.999846  -0.0390033
 -0.582852   0.811861 -0.0341301   -13.1591  -0.81174  -0.583644 -0.0209187    11.5181 -0.0369029  0.0155123   0.999198   0.509224
 -0.582662   0.812586 -0.0144706   -13.3099 -0.812714 -0.582551 0.0114368   11.9494 0.000863531   0.0184242     0.99983  -0.0320367
 -0.574107   0.818677 -0.0129907   -13.2949 -0.818776 -0.573982  0.012253    11.836 0.00257488   0.017671    0.99984 -0.0392196
   -0.5635   0.825989 -0.0144781   -13.3448 -0.826115 -0.563384 0.0115109   11.7331 0.00135113  0.0184469   0.999829 -0.0468437
 -0.558005   0.824185 -0.0966946   -13.6702 -0.828511  -0.559904 0.00878066    12.1873 -0.0469028  0.0850122   0.995275   0.778771
 -0.544965   0.838326 -0.0149179   -13.3893 -0.838456 -0.544835 0.0120936   11.5415 0.00201063  0.0190986   0.999816 -0.0508452
-0.521897  0.841606   0.13901  -13.4602 -0.841583 -0.534606 0.0770297   11.0514  0.139144 -0.0767868   0.987291   -2.23403
 -0.524725   0.851169 -0.0132203   -13.4242 -0.851263 -0.524585 0.0127148   11.3142 0.00388726  0.0179257   0.999832 -0.0716419
-0.504949  0.853495 -0.128738  -13.6416 -0.855173  -0.514916 -0.0595024    11.3072 -0.117074 0.0800472  0.989892    1.7835
   -0.5054   0.862793 -0.0125748   -13.4412 -0.862873 -0.505262 0.0127059   11.1099 0.00460903   0.017272    0.99984  -0.071645
-0.493233  0.868376 0.0514268  -13.4913 -0.866765  -0.49561 0.0555797   10.8422 0.0737517 -0.0171612   0.997129   -1.07865
 -0.486239   0.873762 -0.0105793   -13.4558 -0.873808 -0.486114 0.0123898   10.8976 0.00568295  0.0152686   0.999867 -0.0733608
  -0.477709    0.878466 -0.00959089    -13.4244 -0.878495  -0.47759 0.0123812   10.7707 0.00629593  0.0143402   0.999877 -0.0650692
-0.466982    0.8842 -0.010837  -13.4609 -0.884244 -0.466848 0.0128491   10.6767 0.00630193  0.0155829   0.999859  -0.060881
 -0.457227   0.889275 -0.0115671   -13.4459 -0.889324 -0.457077 0.0135381   10.5711 0.00675204  0.0164768   0.999841 -0.0481956
-0.447709  0.894097 -0.012159  -13.4707 -0.89415 -0.447543 0.0141914   10.4686 0.00724687  0.0172256   0.999825 -0.0502853
 -0.438236   0.898804 -0.0100522   -13.4549 -0.898818  -0.43808 0.0145443   10.3613 0.0086688  0.0154089   0.999844 -0.0614174
-0.427691  0.903854 -0.011335  -13.4867 -0.903894 -0.427539 0.0136619   10.2707 0.00750222  0.0160887   0.999842 -0.0527683
 -0.418279   0.908258 -0.0104951   -13.4658 -0.908287  -0.41814 0.0131538   10.1611 0.00755864  0.0150345   0.999858 -0.0454294
 -0.408412   0.912757 -0.0086181   -13.4868 -0.912763 -0.408295 0.0126241   10.0649 0.008004 0.0130221  0.999883 -0.067374
 -0.399373   0.916751 -0.0082559   -13.4696 -0.916747 -0.399253 0.0131278   9.95984 0.00873877  0.0128115    0.99988 -0.0633628
  -0.389178    0.921118 -0.00911423     -13.485 -0.921124 -0.389053  0.012954   9.85403 0.00838621  0.0134367   0.999875 -0.0668324
  -0.380007    0.924936 -0.00939728    -13.4594 -0.924938 -0.379868 0.0137969   9.75179 0.00919149  0.0139348   0.999861 -0.0692499
   -0.37029    0.928876 -0.00859402    -13.4786 -0.928867 -0.370159  0.013745   9.65928 0.00958625  0.0130723   0.999869 -0.0895699
  -0.361897    0.932179 -0.00855752    -13.4494 -0.932166 -0.361764 0.0139269   9.54551 0.0098866 0.0130171  0.999866 -0.079084
  -0.352106    0.935927 -0.00787688    -13.4625 -0.935908 -0.351986 0.0134955   9.44587 0.00985824  0.0121239   0.999878 -0.0909563
  -0.342104    0.939631 -0.00769706    -13.4408 -0.939608 -0.341985 0.0135511   9.34395 0.0101008  0.0118681   0.999879 -0.0802969
  -0.331865    0.943295 -0.00777389    -13.4485 -0.943269 -0.331742 0.0137887   9.24155 0.0104279  0.0119089   0.999875 -0.0863768
  -0.322656    0.946477 -0.00859075     -13.425 -0.946457  -0.32252 0.0141688   9.13873 0.0106397  0.0127024   0.999863 -0.0762454
  -0.313478     0.94956 -0.00816679    -13.4319 -0.949535  -0.31335 0.0139222   9.03627 0.0106609   0.012119    0.99987 -0.0851265
  -0.303988    0.952642 -0.00797808    -13.4108 -0.952608 -0.303856 0.0144623     8.936 0.0113532  0.0119963   0.999864 -0.0857918
  -0.293572    0.955899 -0.00856708    -13.4199 -0.955866 -0.293429 0.0148263   8.83525 0.0116586 0.0125416  0.999853 -0.105952
  -0.284598    0.958611 -0.00829622    -13.3862 -0.958574 -0.284458 0.0148208   8.72817 0.0118475  0.0121705   0.999856 -0.0956004
 -0.274973    0.96141 -0.0089266   -13.3965 -0.961368 -0.274815 0.0157862   8.61578 0.0127239 0.0129225  0.999836 -0.126639
  -0.265993    0.963938 -0.00839369    -13.3632 -0.963899 -0.265852 0.0148904    8.5177 0.012122 0.0120514  0.999854 -0.107518
  -0.26634    0.96375 -0.0157661   -13.1234 -0.963719 -0.265962 0.0225732   8.37494 0.0175617 0.0212062  0.999621 -0.228865
  -0.246396    0.969122 -0.00951529    -13.3247 -0.969098 -0.246247 0.0145168   8.29869 0.0117254 0.0127981  0.999849 -0.116195
 -0.236943   0.971439 -0.0128648    -13.322 -0.97148 -0.236786 0.0126218   8.19595 0.00921514  0.0154885   0.999838  -0.110033
 -0.227958   0.973618 -0.0101523    -13.291 -0.973606  -0.22781 0.0139279   8.09195 0.0112476 0.0130593  0.999851 -0.115552
 -0.217222   0.976035 -0.0130481   -13.2889 -0.976076 -0.217062 0.0126054    7.9919 0.00947102  0.0154741   0.999835  -0.116207
 -0.207537   0.978146 -0.0125857   -13.2462 -0.978181 -0.207386 0.0123454   7.88712 0.00946547  0.0148732   0.999845  -0.107674
 -0.197761   0.980122 -0.0158841   -13.2435 -0.980238  -0.197651 0.00822041    7.76744 0.0049175  0.0171958    0.99984 -0.0688787
 -0.184758   0.982378 -0.0282479   -13.3708  -0.9827 -0.184291 0.0183455   7.76429 0.0128163 0.0311487  0.999433  -0.50266
 -0.178069   0.983867 -0.0172474    -13.203 -0.984018   -0.17803 0.00377041    7.56132 0.00063902  0.0176432   0.999844 -0.0385421
 -0.168996   0.985492 -0.0156992   -13.1497 -0.985602  -0.168885 0.00812305    7.45132 0.00535383   0.016846   0.999844 -0.0930302
 -0.158007   0.987323 -0.0150562    -13.153 -0.987431  -0.157928 0.00630318    7.34913 0.00384548  0.0158629   0.999867 -0.0763789
 -0.148383   0.988828 -0.0141983   -13.1064 -0.988917 -0.148292 0.0072266   7.24543 0.00504037  0.0151132   0.999873 -0.0898835
 -0.138296   0.990296 -0.0136802   -13.0919  -0.99039  -0.138263 0.00331957    7.12577 0.0013959  0.0140078   0.999901 -0.0658103
 -0.127672   0.991747 -0.0117133   -13.0477  -0.99181  -0.127619 0.00518436    7.02724 0.00364673  0.0122793   0.999918 -0.0910732
 -0.116316   0.993121 -0.0134362   -13.0464    -0.99321    -0.116331 -0.000338134      6.92516 -0.00189886   0.0133057     0.99991   -0.052032
 -0.106894   0.994169 -0.0141791   -12.9867   -0.994269    -0.106909 -0.000304372      6.83176 -0.00181847   0.0140653    0.999899  -0.0373083
-0.0953274   0.995335 -0.0148449   -12.9951 -0.995436 -0.0953813 -0.0029695    6.71919 -0.00437157   0.0144941    0.999885  -0.0258414
-0.0856404   0.996205 -0.0155583   -12.9311   -0.996323   -0.0856655 -0.000948663      6.61343 -0.00227787   0.0154199    0.999878  -0.0321363
-0.0737938   0.997133 -0.0167247   -12.9416 -0.997265 -0.0738527 -0.0029296    6.50079 -0.00415636   0.0164627    0.999856  -0.0305646
 -0.064508   0.997808 -0.0147849   -12.8527  -0.997915  -0.0645325 -0.00119085     6.40371 -0.00214234   0.0146772     0.99989  -0.0400194
-0.0524286   0.998505 -0.0154759   -12.8745  -0.998617  -0.0524825 -0.00309772     6.28035 -0.00390531   0.0152921    0.999875  -0.0611184
-0.0439272   0.998952  -0.012855   -12.7835  -0.999027  -0.0439731 -0.00330492     6.19295 -0.00386674   0.0126974    0.999912  -0.0418731
-0.0323925   0.999377  -0.014027   -12.8039 -0.999455 -0.0324778 -0.0058908    6.07256 -0.00634269   0.0138285    0.999884  -0.0547315
-0.0237911   0.999652 -0.0114283   -12.7009  -0.999704  -0.0238469 -0.00476648     5.98759 -0.00503735   0.0113115    0.999923    -0.03978
-0.0124074   0.999848 -0.0122273   -12.7107  -0.999906  -0.0124784 -0.00574051     5.86621 -0.00589221   0.0121549    0.999909  -0.0565356
-0.00278424    0.999933  -0.0112034    -12.6157  -0.999988 -0.00283034 -0.00410112     5.78259 -0.00413256   0.0111918    0.999929  -0.0502801
0.00779536   0.999901 -0.0117002   -12.6055  -0.999957  0.00773524 -0.00517506     5.67367 -0.00508405     0.01174    0.999918  -0.0602048
 0.0343649   0.999138 -0.0232721   -13.2449 -0.998673  0.0334367 -0.0391653     5.3036 -0.0383534  0.0245871   0.998962   0.184931
 0.0290443   0.999508 -0.0118419   -12.5226  -0.999565   0.0289812 -0.00546638     5.46159 -0.0051205  0.0119955   0.999915 -0.0552371
   0.03934   0.999161 -0.0114282   -12.4564  -0.999225   0.0393224 -0.00176423     5.35406 -0.00131337   0.0114887    0.999933  -0.0821633
 0.0509696   0.998606 -0.0137026   -12.4562  -0.998686   0.0508912 -0.00600978      5.2452 -0.00530406   0.0139909    0.999888  -0.0628419
  0.060514   0.998093 -0.0122069   -12.3651  -0.998161   0.0604646 -0.00437549     5.15791 -0.00362906   0.0124493    0.999916  -0.0683693
0.0721475  0.997296 -0.013981    -12.38  -0.997378   0.0720607 -0.00661384      5.0351 -0.00558847   0.0144216     0.99988  -0.0640173
 0.0812053    0.99662 -0.0124563   -12.2701  -0.996693   0.0811597 -0.00413067     4.95567 -0.00310576   0.0127505    0.999914  -0.0699069
 0.0923585   0.995632 -0.0136413   -12.2612  -0.995713   0.0922798 -0.00628966     4.83622 -0.00500337   0.0141638    0.999887  -0.0715963
  0.101848   0.994736 -0.0112923   -12.1609  -0.994791    0.101792 -0.00540054     4.76332 -0.00422264   0.0117835    0.999922  -0.0698248
  0.113935   0.993422 -0.0114578   -12.1721  -0.993472    0.113861 -0.00694185     4.61988 -0.00559158    0.012174     0.99991  -0.0857697
  0.121807   0.992503 -0.0100698   -12.0473 -0.992544  0.121753 -0.005801   4.55683 -0.00453148   0.0107013    0.999932  -0.0773923
   0.13365   0.990962 -0.0114916   -12.0483  -0.991015    0.133579 -0.00671275     4.43168 -0.00511704   0.0122855    0.999911  -0.0867753
  0.14303   0.98966 -0.010746  -11.9427  -0.989712    0.142983 -0.00505602     4.35431 -0.00346724   0.0113587    0.999929  -0.0810433
  0.153236   0.988121 -0.0116625   -11.8998  -0.988184    0.153183 -0.00529927      4.2516 -0.00344981   0.0123368    0.999918  -0.0898973
   0.16408    0.98639 -0.0105904   -11.8271  -0.986446    0.164059 -0.00286534     4.15773 -0.00108889    0.010917     0.99994  -0.0970701
  0.173758   0.984719 -0.0117155   -11.7812  -0.984783    0.173706 -0.00531929     4.05525 -0.00320296   0.0124615    0.999917  -0.0915013
   0.18496   0.982691 -0.0103608   -11.6991  -0.982745    0.184934 -0.00343151       3.959 -0.00145604   0.0108167     0.99994   -0.103852
  0.19529  0.980681 -0.011263   -11.662   -0.98074    0.195236 -0.00566858     3.86306 -0.00336012   0.0121531     0.99992  -0.0911724
  0.205341   0.978633 -0.0105667   -11.5727  -0.978689    0.205314 -0.00363962     3.77474 -0.00139237   0.0110889    0.999938    -0.10253
  0.215783   0.976366 -0.0121527   -11.5269 -0.976438  0.215731 -0.005412   3.66769 -0.00266238   0.0130342    0.999911  -0.0927759
  0.226954    0.97384 -0.0113004   -11.4436  -0.973906    0.226933 -0.00306754     3.58797 -0.000422855    0.0117017     0.999931     -0.10262
  0.237348   0.971355 -0.0116246   -11.4034  -0.971423    0.237308 -0.00476049     3.48641 -0.00186551   0.0124223    0.999921  -0.0964429
 0.247824  0.968746 -0.010699  -11.3072 -0.968805    0.24782 -0.0017859    3.39967 0.000921328   0.0108078    0.999941    -0.10596
  0.257623   0.966171 -0.0119758   -11.2567  -0.966245    0.257604 -0.00307904      3.3094 0.000110142   0.0123648    0.999924   -0.118119
  0.269446   0.962958 -0.0104913   -11.1769  -0.963015    0.269433 -0.00268462     3.22675 0.000241519   0.0108266    0.999941  -0.0930979
  0.278879   0.960255 -0.0117214    -11.113  -0.960326     0.27886 -0.00324688     3.12749 0.000150803   0.0121619    0.999926   -0.113807
  0.290692   0.956756 -0.0107451   -11.0418  -0.956817    0.290679 -0.00279262     3.04153 0.000451528   0.0110929    0.999938  -0.0910602
  0.299633   0.953972 -0.0125482   -10.9718  -0.954054    0.299606 -0.00403332     2.95962 -8.81583e-05    0.0131802     0.999913     -0.10957
  0.311609   0.950139 -0.0116306     -10.89   -0.95021    0.311598 -0.00284397     2.86553 0.000921893   0.0119377    0.999928  -0.0936246
   0.32154   0.946807 -0.0129819   -10.8285  -0.946896    0.321512 -0.00419899     2.77831 0.000198196   0.0136426    0.999907   -0.108936
  0.333935   0.942528 -0.0113048   -10.7561 -0.942596   0.333917 -0.0035408    2.69358 0.000437559   0.0118383     0.99993  -0.0826795
  0.343293   0.939131 -0.0135218   -10.6887  -0.939228    0.343255 -0.00513775      2.6153 -0.000183594    0.0144638     0.999895    -0.101262
  0.354659   0.934919 -0.0120017    -10.602  -0.934996    0.354637 -0.00400932     2.53212 0.000507838   0.0126434     0.99992  -0.0888835
  0.364174   0.931229 -0.0137414   -10.5342  -0.931331    0.364141 -0.00495132     2.45772 0.00039299  0.0146009   0.999893  -0.102738
  0.375282   0.926826 -0.0124931   -10.4455   -0.92691    0.375256 -0.00445694     2.37563 0.000557316   0.0132526    0.999912  -0.0780847
  0.385508   0.922593 -0.0143476   -10.3758  -0.922704    0.385475 -0.00507667     2.29654 0.000846956   0.0151957    0.999884   -0.109317
  0.397039   0.917706 -0.0132397   -10.2949   -0.9178    0.39702 -0.0041931    2.21157 0.00140841  0.0138163   0.999904  -0.104738
  0.406907   0.913366 -0.0137938   -10.2172   -0.91347    0.406866 -0.00574516     2.14251 0.000364813    0.014938    0.999888  -0.0985311
   0.395574    0.918415 -0.00598912    -10.1717 -0.916836   0.394493 -0.0615438    2.11521 -0.05416 0.0298362  0.998086  0.526176
 0.427837  0.903746 -0.014061  -10.0408  -0.903854    0.427818 -0.00451422     1.99802 0.00193582  0.0146404   0.999891  -0.113348
  0.438944    0.89842 -0.0130396   -9.94694  -0.898513    0.438926 -0.00431318     1.92489 0.00184838  0.0136095   0.999906 -0.0875428
  0.449687   0.893066 -0.0146534   -9.87471  -0.893184    0.449667 -0.00481646     1.85054 0.00228773  0.0152541   0.999881  -0.116064
  0.459287   0.888165 -0.0147577   -9.77807  -0.888284    0.459273 -0.00453311     1.78219 0.00275168   0.015191   0.999881  -0.100341
 0.469592  0.882752 -0.015221  -9.69843  -0.882881    0.469557 -0.00607206     1.70998 0.00178699  0.0162897   0.999866  -0.104431
  0.481157   0.876496 -0.0155628   -9.60111  -0.876627    0.481152 -0.00430253     1.64381 0.00371691  0.0157129    0.99987  -0.123958
  0.490993   0.871029 -0.0153532   -9.51796  -0.871163    0.490944 -0.00701717     1.57787 0.0014254  0.0168205   0.999858 -0.0962312
  0.502043   0.864696 -0.0159187   -9.41258  -0.864831    0.502046 -0.00407962     1.51894 0.00446429  0.0158151   0.999865  -0.127051
