1522229531.536121000 0 0 0 0 0 0
1522229531.618232000 -0.0099824 0.0114767 -0.0140594 -0.0404361 -0.232399 0.0554632
1522229531.699215000 -0.00286648 0.0198223 -0.00315327 0.0710423 -0.0543107 0.177472
1522229531.777068000 -0.00907479 0.031008 -0.0122426 0.0473669 -0.202877 0.242894
1522229531.856926000 -0.00410328 0.0401058 -0.00589983 0.148884 -0.0899514 0.351286
1522229531.936987000 -0.00909564 0.0517312 -0.011988 0.145211 -0.200632 0.438021
1522229532.018931000 -0.00583687 0.0614451 -0.0082551 0.235172 -0.131514 0.537976
1522229532.100843000 -0.0113119 0.0730293 -0.0157373 0.208721 -0.265042 0.614626
1522229532.180620000 -0.00746639 0.0815434 -0.0107608 0.30371 -0.173122 0.71157
1522229532.260655000 -0.0103816 0.0925461 -0.0149381 0.320632 -0.246486 0.801581
1522229532.338762000 -0.007185 0.101558 -0.0103262 0.416929 -0.16704 0.892164
1522229532.420677000 -0.0103721 0.113467 -0.0150581 0.431913 -0.246249 0.984636
1522229532.500819000 -0.00775372 0.122226 -0.0120235 0.516718 -0.183993 1.06076
1522229532.578752000 -0.00918151 0.133307 -0.0146269 0.558695 -0.228017 1.17081
1522229532.660839000 -0.00776506 0.1428 -0.0133447 0.629479 -0.192485 1.24339
1522229532.738791000 -0.0094042 0.154044 -0.0155512 0.662056 -0.238785 1.34461
1522229532.821009000 -0.00851019 0.163915 -0.0144272 0.736711 -0.21403 1.41975
1522229532.901324000 -0.00878076 0.174841 -0.0145005 0.773815 -0.224747 1.51881
1522229532.979407000 -0.00858012 0.184853 -0.0145953 0.848699 -0.215352 1.595
1522229533.059411000 -0.00929174 0.196331 -0.0159242 0.8779 -0.245844 1.69815
1522229533.143481000 -0.00856272 0.206474 -0.0155682 0.959535 -0.231766 1.77909
1522229533.221450000 -0.0103952 0.217813 -0.0175121 0.998406 -0.288212 1.8949
1522229533.299280000 -0.00938624 0.227262 -0.0166381 1.07711 -0.258834 1.96341
1522229533.377242000 -0.00950668 0.237276 -0.0172492 1.13291 -0.27073 2.05131
1522229533.459263000 -0.00893241 0.248055 -0.0168622 1.20746 -0.256117 2.13066
1522229533.537233000 -0.00927534 0.258929 -0.0175894 1.2723 -0.273313 2.23386
1522229533.617144000 -0.00900472 0.269583 -0.0173345 1.34487 -0.264256 2.30133
1522229533.699079000 -0.0094671 0.279954 -0.0182497 1.40355 -0.284098 2.40613
1522229533.779260000 -0.00862519 0.290039 -0.0176104 1.48608 -0.268996 2.46654
1522229533.857191000 -0.00934977 0.3009 -0.0186567 1.5504 -0.288621 2.57826
1522229533.936976000 -0.0088301 0.311311 -0.0184123 1.62686 -0.279635 2.63525
1522229534.014855000 -0.00875254 0.321577 -0.0186047 1.69463 -0.285091 2.72857
1522229534.096794000 -0.00829163 0.332702 -0.0185382 1.77623 -0.272915 2.8003
1522229534.178928000 -0.00880006 0.343721 -0.0191818 1.83668 -0.289123 2.88801
1522229534.258812000 -0.00824811 0.354474 -0.0189293 1.92353 -0.280983 2.94128
1522229534.336863000 -0.0084439 0.364418 -0.0195954 1.98012 -0.290686 3.03615
1522229534.419062000 -0.00789507 0.37514 -0.0193489 2.06631 -0.280636 3.11285
1522229534.496796000 -0.00805835 0.385068 -0.0199753 2.12146 -0.291843 3.18781
1522229534.578973000 -0.00781154 0.395947 -0.0194893 2.22588 -0.287915 3.25481
1522229534.656976000 -0.00791754 0.407078 -0.0203132 2.28432 -0.295268 3.33698
1522229534.737136000 -0.00760985 0.417591 -0.0200805 2.3835 -0.292582 3.40291
1522229534.817366000 -0.00744226 0.427276 -0.0201332 2.44982 -0.295544 3.48535
1522229534.899442000 -0.00747883 0.437741 -0.0203231 2.54262 -0.298151 3.54599
1522229534.977288000 -0.00718702 0.449286 -0.0202054 2.61195 -0.302267 3.65597
1522229535.059122000 -0.00710741 0.459458 -0.020498 2.70984 -0.299901 3.69249
1522229535.137256000 -0.00719491 0.471315 -0.0203761 2.77635 -0.314126 3.8016
1522229535.216957000 -0.00706702 0.481016 -0.0210531 2.87207 -0.311586 3.84123
1522229535.299094000 -0.00711098 0.491512 -0.0211173 2.94863 -0.317975 3.92047
1522229535.377236000 -0.00631385 0.502224 -0.0205851 3.04445 -0.303261 3.96459
1522229535.457223000 -0.00695227 0.512826 -0.0215464 3.11937 -0.321711 4.04163
1522229535.537277000 -0.00625427 0.523875 -0.0212227 3.20274 -0.310851 4.09344
1522229535.617233000 -0.00667927 0.533829 -0.0216034 3.28969 -0.327398 4.1776
1522229535.694959000 -0.00597356 0.544818 -0.0214481 3.38231 -0.315251 4.23004
1522229535.772813000 -0.00632581 0.554829 -0.0212419 3.46651 -0.333706 4.30923
1522229535.855355000 -0.0059262 0.565676 -0.0216907 3.56148 -0.324029 4.36099
1522229535.936159000 -0.00613394 0.576384 -0.0219897 3.64307 -0.338336 4.43585
1522229536.016395000 -0.00580361 0.5866 -0.0221752 3.75567 -0.335062 4.47296
1522229536.094521000 -0.006013 0.5972 -0.0226473 3.82557 -0.347509 4.54977
1522229536.176643000 -0.00533184 0.607237 -0.0223319 3.91865 -0.335286 4.58613
1522229536.254953000 -0.00572492 0.617291 -0.0222154 4.0044 -0.354873 4.66259
1522229536.334987000 -0.0052377 0.62807 -0.0223632 4.10672 -0.343744 4.70924
1522229536.412883000 -0.00552497 0.63829 -0.0225083 4.18387 -0.365653 4.79034
1522229536.494944000 -0.00488746 0.648512 -0.0226296 4.28386 -0.348037 4.80903
1522229536.574875000 -0.00501119 0.660128 -0.0223766 4.36454 -0.375962 4.92649
1522229536.652711000 -0.00489264 0.669331 -0.0230649 4.47435 -0.364762 4.93964
1522229536.730491000 -0.00536714 0.679308 -0.0218849 4.5634 -0.396909 5.02536
1522229536.812583000 -0.00404653 0.690441 -0.022483 4.6483 -0.359317 5.04869
1522229536.892573000 -0.00465118 0.698781 -0.0225278 4.74485 -0.386006 5.11127
1522229536.972541000 -0.00404201 0.709884 -0.0228674 4.84321 -0.368341 5.1339
1522229537.052602000 -0.00418352 0.719784 -0.0227509 4.93484 -0.384237 5.2048
1522229537.132451000 -0.00376689 0.731435 -0.0231593 5.02136 -0.375074 5.23138
1522229537.212374000 -0.00383327 0.740039 -0.0230222 5.13166 -0.387976 5.28974
1522229537.290253000 -0.00350823 0.750511 -0.0234088 5.22221 -0.379357 5.31671
1522229537.371968000 -0.00390541 0.76007 -0.0232473 5.32201 -0.401469 5.39652
1522229537.449616000 -0.00303779 0.770983 -0.0233178 5.40641 -0.382126 5.39452
1522229537.529565000 -0.00332332 0.780092 -0.0233526 5.5103 -0.400198 5.45706
1522229537.610775000 -0.00280578 0.790045 -0.0234244 5.62911 -0.38982 5.47536
1522229537.689099000 -0.00286399 0.799865 -0.0234698 5.73322 -0.401108 5.52886
1522229537.770854000 -0.00258065 0.812149 -0.0237578 5.8188 -0.397163 5.56659
1522229537.850872000 -0.00294455 0.821479 -0.0234535 5.92891 -0.419912 5.61885
1522229537.930848000 -0.00238111 0.832776 -0.0235095 6.01931 -0.408376 5.64731
1522229538.008766000 -0.00378376 0.84328 -0.0234968 6.12467 -0.451959 5.74242
1522229538.090743000 -0.00218975 0.854084 -0.0237426 6.2316 -0.417936 5.71962
1522229538.169104000 -0.00370909 0.863967 -0.0231112 6.35159 -0.465299 5.7898
1522229538.249100000 -0.00224226 0.875836 -0.0242516 6.43967 -0.433644 5.80262
1522229538.328959000 -0.00317127 0.884544 -0.0236105 6.55111 -0.459885 5.85747
1522229538.411113000 -0.00170666 0.895872 -0.0240784 6.65431 -0.434974 5.83529
1522229538.488933000 -0.00307806 0.90783 -0.0244598 6.75481 -0.474957 5.9055
1522229538.566848000 -0.00146459 0.918138 -0.024083 6.87468 -0.44616 5.90267
1522229538.649575000 -0.00224125 0.928168 -0.0243766 6.9816 -0.473603 5.97677
1522229538.727679000 -0.00125721 0.939046 -0.0244186 7.08365 -0.453531 5.96981
1522229538.809824000 -0.00153947 0.948836 -0.0246011 7.18599 -0.468474 6.01111
1522229538.888006000 -0.000898947 0.96091 -0.0247682 7.29997 -0.459826 6.01033
1522229538.971817000 -0.00151493 0.971597 -0.0245688 7.40728 -0.478344 6.04159
1522229539.049621000 -0.000640394 0.98355 -0.024845 7.50571 -0.46733 6.0562
1522229539.131674000 -0.000765617 0.991952 -0.0247085 7.62656 -0.478942 6.09402
1522229539.209555000 -0.000114968 1.00451 -0.0247668 7.72598 -0.47002 6.11091
1522229539.289875000 -0.00107743 1.02066 -0.0246427 7.82978 -0.492721 6.34034
1522229539.367685000 -0.000123415 1.02552 -0.0249304 7.94285 -0.483849 6.13589
1522229539.449641000 -0.000477885 1.04172 -0.0241864 8.01783 -0.494812 6.36253
1522229539.529513000 0.000138135 1.04762 -0.025059 8.1501 -0.491976 6.17804
1522229539.607606000 2.50282e-05 1.06118 -0.0245734 8.23849 -0.500745 6.32559
1522229539.687515000 0.000473132 1.06898 -0.0247455 8.35178 -0.495447 6.22549
1522229539.765807000 -1.77573e-05 1.08527 -0.0226958 8.45685 -0.521933 6.44732
1522229539.845894000 0.000669253 1.09379 -0.0247411 8.56798 -0.506953 6.32749
1522229539.925960000 0.000674958 1.10806 -0.0229107 8.65237 -0.521201 6.50589
1522229540.006302000 0.00108796 1.11364 -0.0245426 8.77536 -0.509962 6.33127
1522229540.084297000 0.000645173 1.1321 -0.0217615 8.84811 -0.532937 6.57735
1522229540.164348000 0.00167037 1.13685 -0.0243819 8.98074 -0.512867 6.34913
1522229540.244499000 0.00123094 1.14913 -0.0233395 9.1018 -0.533116 6.48219
1522229540.324542000 0.00194597 1.15525 -0.0246785 9.20675 -0.517603 6.31624
1522229540.406810000 0.00135954 1.16432 -0.0247044 9.31874 -0.53528 6.33127
1522229540.485028000 0.00211636 1.17353 -0.024698 9.43516 -0.526954 6.28974
1522229540.565146000 0.00208686 1.18748 -0.0246335 9.51233 -0.535028 6.34574
1522229540.645117000 0.00221098 1.19568 -0.0246548 9.63572 -0.535396 6.29015
1522229540.725451000 0.00234004 1.20659 -0.024384 9.73372 -0.543192 6.32168
1522229540.805599000 0.0024763 1.21596 -0.0245916 9.85119 -0.54527 6.29364
1522229540.881670000 0.00271704 1.22973 -0.0242117 9.9531 -0.5486 6.39914
1522229540.963863000 0.00271953 1.23677 -0.0246503 10.0608 -0.551216 6.29247
1522229541.041798000 0.00246779 1.24903 -0.0246161 10.159 -0.562834 6.31969
1522229541.123998000 0.0027906 1.25645 -0.024687 10.2712 -0.563548 6.25502
1522229541.201892000 0.00324571 1.26632 -0.0248222 10.3771 -0.563972 6.25039
1522229541.282095000 0.00353149 1.27693 -0.0247332 10.4926 -0.56186 6.23676
1522229541.360222000 0.00394939 1.28984 -0.0242727 10.5916 -0.563374 6.30425
1522229541.442365000 0.0036835 1.29885 -0.0246749 10.6853 -0.57106 6.23659
1522229541.520274000 0.0141965 1.307 -0.011428 10.7902 -0.463167 6.16372
1522229541.600328000 0.00402474 1.31928 -0.0243288 10.9009 -0.578188 6.20846
1522229541.682352000 0.0047688 1.32967 -0.0228733 11.0058 -0.582226 6.22564
1522229541.760600000 0.00434337 1.33919 -0.0245599 11.1202 -0.584645 6.17832
1522229541.840632000 0.00533542 1.35031 -0.0237713 11.2259 -0.582045 6.20454
1522229541.921363000 0.00498433 1.35995 -0.0247187 11.3244 -0.59001 6.13835
1522229542.001449000 0.00544413 1.37159 -0.023745 11.4255 -0.588143 6.14756
1522229542.081355000 0.00516114 1.38073 -0.0244093 11.5298 -0.596531 6.10745
1522229542.163391000 0.00551999 1.39014 -0.0239144 11.6323 -0.596989 6.09239
1522229542.241520000 0.00551487 1.40031 -0.0245756 11.7349 -0.601548 6.04596
1522229542.321529000 0.00620746 1.40953 -0.0238514 11.8434 -0.599103 6.0212
1522229542.401621000 0.00600766 1.42181 -0.0244345 11.9407 -0.605543 6.00607
1522229542.481523000 0.00622342 1.43299 -0.0235856 12.045 -0.611189 6.0076
1522229542.561558000 0.00633027 1.44272 -0.0242611 12.1518 -0.612722 5.96045
1522229542.641603000 0.00660909 1.45368 -0.0232919 12.2616 -0.617814 5.9612
1522229542.721512000 0.00686479 1.46358 -0.0236364 12.3567 -0.61744 5.91059
1522229542.801391000 0.00672211 1.4737 -0.0236803 12.4687 -0.627279 5.90228
1522229542.881209000 0.0068545 1.48294 -0.0241066 12.5644 -0.62665 5.84187
1522229542.961161000 0.00699103 1.49507 -0.0236823 12.6626 -0.632006 5.84001
1522229543.041288000 0.007115 1.50485 -0.0239756 12.7699 -0.638941 5.78505
1522229543.123875000 0.00709878 1.51392 -0.0239412 12.8744 -0.644813 5.74779
1522229543.201810000 0.00755616 1.52418 -0.0238406 12.9711 -0.639771 5.69723
1522229543.282596000 0.00743151 1.53518 -0.0238068 13.0697 -0.649618 5.6876
1522229543.360432000 0.00786703 1.54558 -0.0233239 13.1632 -0.648142 5.63583
1522229543.440917000 0.00759311 1.55498 -0.0233126 13.2766 -0.660251 5.58383
1522229543.520796000 0.00806592 1.56594 -0.0236156 13.3633 -0.656416 5.53865
1522229543.601203000 0.0080011 1.57737 -0.023716 13.4669 -0.664907 5.52526
1522229543.681253000 0.00855481 1.58692 -0.0231949 13.5636 -0.662201 5.45363
1522229543.761441000 0.00857564 1.59659 -0.0229682 13.6543 -0.667697 5.41637
1522229543.841496000 0.00893749 1.60792 -0.0232296 13.7588 -0.668879 5.37295
1522229543.921816000 0.00839811 1.61862 -0.0240299 13.8443 -0.683184 5.33531
1522229543.999935000 0.00912611 1.628 -0.0228759 13.9482 -0.676323 5.26257
1522229544.081951000 0.00849934 1.63801 -0.0238138 14.0464 -0.694126 5.20515
1522229544.160111000 0.00952635 1.64925 -0.0233066 14.1376 -0.682819 5.17204
1522229544.241912000 0.00964211 1.65895 -0.023353 14.233 -0.687371 5.11914
1522229544.322755000 0.00962355 1.66982 -0.0232021 14.3239 -0.687735 5.06927
1522229544.400941000 0.00992482 1.6797 -0.0228994 14.4171 -0.692374 5.02465
1522229544.481440000 0.0102046 1.69025 -0.0228769 14.5193 -0.691887 4.96319
1522229544.561583000 0.0102955 1.70089 -0.023098 14.5964 -0.700757 4.92723
1522229544.641677000 0.0107781 1.71147 -0.0229571 14.6872 -0.693927 4.8571
1522229544.721887000 0.0106725 1.72134 -0.0226819 14.7812 -0.701703 4.81636
1522229544.801808000 0.0114137 1.73219 -0.0225143 14.8678 -0.691471 4.75677
1522229544.882151000 0.0112239 1.74197 -0.022861 14.9562 -0.706351 4.69863
1522229544.962842000 0.0114786 1.75204 -0.02177 15.0496 -0.69895 4.6438
1522229545.040868000 0.0116845 1.76223 -0.0220871 15.1368 -0.704204 4.58274
1522229545.120805000 0.0118038 1.77182 -0.0219707 15.2266 -0.703894 4.52127
1522229545.200855000 0.0121626 1.78303 -0.0220605 15.3122 -0.710121 4.46752
1522229545.280722000 0.0122863 1.79351 -0.021757 15.395 -0.710362 4.40272
1522229545.360635000 0.0122513 1.80205 -0.0216004 15.478 -0.718128 4.33004
1522229545.440779000 0.0124665 1.81397 -0.0216512 15.5695 -0.719402 4.28842
1522229545.522921000 0.0127111 1.82267 -0.0215858 15.6455 -0.723553 4.20675
1522229545.599796000 0.0125698 1.83389 -0.0213407 15.7401 -0.727996 4.14477
1522229545.680480000 0.0131073 1.84386 -0.0214123 15.8176 -0.728082 4.0799
1522229545.760443000 0.0130932 1.85481 -0.0209638 15.9074 -0.730576 4.02257
1522229545.842285000 0.0133676 1.86415 -0.0209403 15.9858 -0.735865 3.95142
1522229545.922501000 0.0135173 1.87446 -0.0207212 16.0739 -0.736534 3.87578
1522229546.002506000 0.0135089 1.8845 -0.0205144 16.1467 -0.747519 3.80677
1522229546.080380000 0.0137326 1.89562 -0.0206135 16.2341 -0.746008 3.73416
1522229546.160460000 0.0141983 1.90531 -0.0205361 16.3159 -0.749723 3.67342
1522229546.240494000 0.0141173 1.91624 -0.020284 16.3951 -0.750879 3.59824
1522229546.320593000 0.0143499 1.92634 -0.0206032 16.4732 -0.760162 3.52894
1522229546.400578000 0.0145751 1.93754 -0.0202169 16.5518 -0.759757 3.44357
1522229546.482709000 0.0142141 1.94672 -0.0202142 16.6285 -0.776141 3.3405
1522229546.560368000 0.0149184 1.95867 -0.0200361 16.7133 -0.769039 3.28999
1522229546.640990000 0.0145592 1.96786 -0.0198255 16.786 -0.783121 3.20433
1522229546.719062000 0.0148536 1.98053 -0.0195125 16.8669 -0.779289 3.14531
1522229546.801236000 0.0146805 1.98939 -0.0200047 16.9402 -0.796688 3.04976
1522229546.879399000 0.0149961 2.00073 -0.0192688 17.0182 -0.791132 2.97495
1522229546.961312000 0.0150071 2.0082 -0.0191598 17.0836 -0.807081 2.87609
1522229547.039465000 0.01522 2.02086 -0.0189723 17.1642 -0.799638 2.81028
1522229547.121538000 0.0155117 2.0301 -0.018968 17.2237 -0.809958 2.72727
1522229547.199392000 0.0155578 2.04236 -0.0187545 17.298 -0.807575 2.65357
1522229547.281543000 0.01515 2.04904 -0.0186229 17.3617 -0.825432 2.54622
1522229547.361417000 0.0157287 2.06128 -0.0181597 17.4369 -0.812888 2.48185
1522229547.441608000 0.0154406 2.06972 -0.0182575 17.5028 -0.829271 2.39617
1522229547.519614000 0.0161401 2.08258 -0.0180809 17.5684 -0.819977 2.32121
1522229547.601494000 0.0159767 2.09013 -0.0181911 17.6248 -0.831826 2.22023
1522229547.680791000 0.0162652 2.1023 -0.0179291 17.6985 -0.829629 2.15035
1522229547.760215000 0.016437 2.10971 -0.0178185 17.7487 -0.834762 2.0388
1522229547.838698000 0.0164273 2.12225 -0.0174723 17.8281 -0.8364 1.97822
1522229547.920687000 0.0165632 2.12977 -0.0174548 17.8693 -0.843134 1.8802
1522229548.000630000 0.0167105 2.14219 -0.0171451 17.9419 -0.840111 1.8075
1522229548.080704000 0.0174072 2.15078 -0.0174503 17.9926 -0.841879 1.72358
1522229548.158995000 0.0169094 2.16234 -0.0164119 18.0633 -0.846931 1.63059
1522229548.241125000 0.0173724 2.17054 -0.0170452 18.1104 -0.85311 1.54082
1522229548.319306000 0.0178411 2.18276 -0.0169951 18.1793 -0.848808 1.4631
1522229548.401386000 0.0176621 2.19106 -0.0166322 18.2268 -0.857785 1.3663
1522229548.479380000 0.0178009 2.20352 -0.0164449 18.2964 -0.859072 1.29474
1522229548.559459000 0.0181586 2.21126 -0.0165355 18.3447 -0.860937 1.17911
1522229548.637799000 0.0183996 2.22278 -0.0161684 18.4068 -0.861 1.08614
1522229548.719487000 0.0180402 2.23101 -0.0160776 18.4529 -0.873153 0.983192
1522229548.799413000 0.018012 2.24318 -0.0157336 18.515 -0.87552 0.910786
1522229548.881667000 0.0178743 2.25087 -0.0152281 18.5558 -0.889432 0.79352
1522229548.961449000 0.0179788 2.26366 -0.0150467 18.6108 -0.890313 0.701228
1522229549.041339000 0.0192334 2.27119 -0.0127674 18.638 -0.893428 0.591709
1522229549.121268000 0.0191676 2.28397 -0.0131145 18.6993 -0.895419 0.511742
1522229549.201265000 0.0211921 2.29229 -0.0107246 18.7454 -0.893322 0.407726
1522229549.281418000 0.0204908 2.3056 -0.0120496 18.8018 -0.893881 0.316497
1522229549.362063000 0.0251809 2.31585 -0.00300979 18.8446 -0.894616 0.211728
1522229549.442841000 0.0284571 2.32828 -0.00216705 18.9005 -0.849737 0.113016
1522229549.521921000 0.0280249 2.33831 -0.00127465 18.9515 -0.874002 0.0183766
1522229549.601935000 0.0264368 2.35011 -0.00135743 18.985 -0.886099 -0.086034
1522229549.682140000 0.0276195 2.36005 -0.000647873 19.0166 -0.888614 -0.198493
1522229549.760093000 0.0275747 2.37215 -0.000203939 19.0565 -0.879487 -0.304203
1522229549.842184000 0.0253573 2.38174 -0.000786146 19.0949 -0.923767 -0.407732
1522229549.920071000 0.0262183 2.39488 -0.000578137 19.1382 -0.91098 -0.515715
1522229550.002284000 0.0300748 2.40696 0.00209383 19.1573 -0.891679 -0.587851
1522229550.080986000 0.0265631 2.41615 0.000385418 19.184 -0.922971 -0.727496
1522229550.161128000 0.0277078 2.43015 0.00102863 19.2199 -0.926588 -0.801519
1522229550.241170000 0.0274463 2.4403 0.00122824 19.2504 -0.923981 -0.931545
1522229550.321115000 0.0274344 2.45196 0.00139963 19.2775 -0.937774 -1.02443
1522229550.399309000 0.0267501 2.464 0.00193686 19.3226 -0.935741 -1.14112
1522229550.481799000 0.027596 2.4748 0.0014677 19.333 -0.936772 -1.23951
1522229550.559771000 0.0267711 2.48864 0.0015009 19.3781 -0.941003 -1.35043
1522229550.641642000 0.0276503 2.49873 0.00241935 19.3843 -0.940777 -1.44625
1522229550.719499000 0.0272844 2.50933 0.00278083 19.4075 -0.94271 -1.5695
1522229550.801521000 0.0269207 2.52241 0.0031137 19.434 -0.951149 -1.65626
1522229550.879385000 0.0272957 2.5318 0.00413617 19.4454 -0.948079 -1.78709
1522229550.961344000 0.0270469 2.54551 0.00431789 19.4632 -0.954977 -1.88465
1522229551.039102000 0.0275366 2.55599 0.00530618 19.4805 -0.951408 -2.00759
1522229551.119976000 0.026917 2.56926 0.00495534 19.5183 -0.962988 -2.10219
1522229551.199809000 0.0274745 2.57998 0.0056981 19.5195 -0.956297 -2.21761
1522229551.281973000 0.026767 2.59303 0.00512934 19.5441 -0.971347 -2.31171
1522229551.359985000 0.0268448 2.60464 0.00564775 19.563 -0.967879 -2.42643
1522229551.441867000 0.0266833 2.61518 0.00601611 19.5558 -0.973743 -2.53708
1522229551.523730000 0.0268875 2.62716 0.0067089 19.5644 -0.970156 -2.65932
1522229551.601550000 0.0268017 2.6393 0.00661098 19.5816 -0.976869 -2.75879
1522229551.681453000 0.0264042 2.65133 0.00708614 19.5824 -0.980456 -2.88411
1522229551.761563000 0.0269172 2.66223 0.00773426 19.5932 -0.980256 -2.98459
1522229551.839361000 0.0261195 2.67516 0.00773515 19.5947 -0.987135 -3.09485
1522229551.920050000 0.0260402 2.68721 0.00809012 19.6152 -0.99388 -3.20745
1522229552.000241000 0.0262671 2.69919 0.00830488 19.607 -0.987142 -3.31901
1522229552.082105000 0.0262025 2.71292 0.00884458 19.6253 -0.994976 -3.42225
1522229552.161854000 0.0263709 2.72297 0.00903016 19.6098 -0.991713 -3.5367
1522229552.243807000 0.0258404 2.73529 0.0094171 19.6166 -1.00351 -3.64742
1522229552.322495000 0.0259 2.7463 0.00983745 19.6012 -1.00033 -3.75604
1522229552.402312000 0.0263405 2.7573 0.00956973 19.5999 -1.00357 -3.86303
1522229552.482342000 0.025668 2.76963 0.0101699 19.5923 -1.00561 -3.96902
1522229552.562358000 0.0258632 2.77976 0.0102393 19.5965 -1.00984 -4.07724
1522229552.640442000 0.0255551 2.79107 0.0105863 19.5867 -1.01392 -4.19084
1522229552.724457000 0.0254245 2.8015 0.0104848 19.5627 -1.0158 -4.29769
1522229552.804409000 0.0254862 2.81294 0.010705 19.5533 -1.01123 -4.40939
1522229552.884626000 0.0251395 2.82362 0.0104747 19.5531 -1.02377 -4.508
1522229552.962625000 0.0250499 2.83386 0.01066 19.5422 -1.0198 -4.62146
1522229553.044613000 0.0251355 2.84408 0.0106195 19.5275 -1.02735 -4.71422
1522229553.122773000 0.0244201 2.85569 0.0108076 19.5167 -1.02987 -4.82767
1522229553.202839000 0.0246122 2.86678 0.0114835 19.5093 -1.03717 -4.93455
1522229553.282856000 0.0244827 2.87641 0.0114996 19.4686 -1.03432 -5.03742
1522229553.364751000 0.0244349 2.88786 0.0118548 19.4795 -1.04114 -5.14322
1522229553.440444000 0.0241082 2.89853 0.0118327 19.4531 -1.03929 -5.23902
1522229553.522514000 0.0247363 2.90957 0.0119335 19.4308 -1.0378 -5.34613
1522229553.600459000 0.0239451 2.92077 0.0120196 19.4077 -1.04107 -5.45712
1522229553.682706000 0.0241795 2.93056 0.0122667 19.3784 -1.0442 -5.55659
1522229553.760918000 0.023917 2.94076 0.0122369 19.3565 -1.04249 -5.66196
1522229553.842889000 0.0242115 2.95105 0.0120501 19.3212 -1.04803 -5.76489
1522229553.921984000 0.0237631 2.96183 0.0121897 19.2954 -1.04956 -5.87543
1522229554.002544000 0.0250074 2.9724 0.0117293 19.2706 -1.04208 -5.96159
1522229554.080880000 0.0237899 2.98332 0.0124709 19.2405 -1.05263 -6.07723
1522229554.162947000 0.0239133 2.99241 0.0127748 19.2012 -1.05643 -6.18419
1522229554.243392000 0.0231321 3.0031 0.0130836 19.1828 -1.06473 -6.29098
1522229554.325502000 0.0230329 3.01312 0.0137483 19.1482 -1.06935 -6.3802
1522229554.403476000 0.0231625 3.02481 0.0139801 19.1168 -1.06135 -6.49102
1522229554.485975000 0.0231321 3.03647 0.0141779 19.1092 -1.07235 -6.60026
1522229554.563914000 0.023164 3.04524 0.0141039 19.0529 -1.06629 -6.69682
1522229554.645940000 0.0212904 3.05638 0.0143096 19.0349 -1.10903 -6.79899
1522229554.726312000 0.0217566 3.06615 0.0141084 18.9861 -1.09054 -6.9057
1522229554.804385000 0.0199912 3.07744 0.0138557 18.9475 -1.13246 -7.00968
1522229554.884533000 0.0204715 3.08826 0.0138862 18.908 -1.11506 -7.11022
1522229554.964356000 0.020302 3.09761 0.0141934 18.8664 -1.12177 -7.20373
1522229555.044410000 0.0202515 3.10946 0.0144594 18.8179 -1.11708 -7.30583
1522229555.124386000 0.020132 3.1197 0.0147874 18.7858 -1.12183 -7.4076
1522229555.202629000 0.0196908 3.13138 0.0147173 18.7443 -1.12379 -7.51464
1522229555.282736000 0.0195719 3.14125 0.0151247 18.6996 -1.12878 -7.60189
1522229555.362748000 0.0192117 -3.13014 0.015141 18.6557 -1.12858 -7.71004
1522229555.446924000 0.0185071 -3.12055 0.014974 18.6081 -1.14292 -7.80194
1522229555.524682000 0.0182266 -3.10868 0.0150468 18.5632 -1.14377 -7.91481
1522229555.605221000 0.0166276 -3.09902 0.0155336 18.5102 -1.18346 -8.01351
1522229555.683155000 0.0174837 -3.08797 0.015906 18.4528 -1.16026 -8.10295
1522229555.765092000 0.0207407 -3.07728 0.0255163 18.3902 -1.1833 -8.20924
1522229555.843347000 0.0154402 -3.06627 0.0158358 18.3508 -1.19729 -8.30785
1522229555.925921000 0.0197238 -3.05637 0.0261466 18.2873 -1.18756 -8.40486
1522229556.003906000 0.0155135 -3.04499 0.0163293 18.2338 -1.19203 -8.49906
1522229556.085937000 0.0149819 -3.03265 0.0182515 18.1945 -1.21569 -8.59569
1522229556.164003000 0.0151513 -3.02274 0.0168148 18.1301 -1.19202 -8.68574
1522229556.245955000 0.0139539 -3.0116 0.0170535 18.0839 -1.21689 -8.78126
1522229556.325853000 0.014479 -3.00188 0.0170846 18.0144 -1.20029 -8.87384
1522229556.407907000 0.0133624 -2.9903 0.0169597 17.9603 -1.21841 -8.96994
1522229556.486762000 0.0135389 -2.9785 0.0168776 17.9054 -1.20979 -9.06769
1522229556.566643000 0.012932 -2.96717 0.0174988 17.8375 -1.22472 -9.1635
1522229556.646726000 0.0129055 -2.95622 0.0174632 17.785 -1.21691 -9.25037
1522229556.724672000 0.0116515 -2.94634 0.0171778 17.7171 -1.23818 -9.33573
1522229556.806780000 0.0122926 -2.93457 0.0177583 17.659 -1.22432 -9.43436
1522229556.884768000 0.0114693 -2.92453 0.0174772 17.58 -1.23652 -9.51315
1522229556.962464000 0.0113672 -2.9131 0.0177244 17.5158 -1.232 -9.60258
1522229557.046430000 0.0109842 -2.90212 0.018057 17.4518 -1.23822 -9.69298
1522229557.124112000 0.0111408 -2.89056 0.0177842 17.3779 -1.23177 -9.77679
1522229557.206673000 0.0101617 -2.88054 0.0175639 17.3167 -1.24655 -9.86263
1522229557.284593000 0.010371 -2.86853 0.017868 17.2479 -1.23794 -9.95217
1522229557.366650000 0.00997514 -2.85702 0.0180052 17.1719 -1.24431 -10.0513
1522229557.444518000 0.0097745 -2.84488 0.0181188 17.1148 -1.24155 -10.128
1522229557.526385000 0.00939438 -2.83471 0.0181959 17.0409 -1.24647 -10.2095
1522229557.606044000 0.0094044 -2.82364 0.0183541 16.9714 -1.24392 -10.2924
1522229557.686211000 0.00881114 -2.81394 0.0180357 16.8971 -1.24886 -10.3727
1522229557.764165000 0.00879268 -2.80119 0.0181543 16.8266 -1.24638 -10.4604
1522229557.848231000 0.00816391 -2.79109 0.0181011 16.7444 -1.25511 -10.5293
1522229557.924355000 0.00773475 -2.77865 0.0175462 16.6671 -1.25295 -10.6066
1522229558.006465000 0.0074826 -2.7695 0.0177749 16.5805 -1.25956 -10.6796
1522229558.086492000 0.00660983 -2.7581 0.0175069 16.5147 -1.26436 -10.7532
1522229558.164482000 0.00673796 -2.74859 0.0180711 16.4336 -1.26616 -10.8403
1522229558.244574000 0.00650737 -2.73773 0.0178111 16.351 -1.26438 -10.9066
1522229558.324632000 0.00614227 -2.72705 0.017986 16.2681 -1.27222 -10.9768
1522229558.406734000 0.00563704 -2.71622 0.0178766 16.1746 -1.27593 -11.0427
1522229558.484854000 0.00504059 -2.70454 0.0181601 16.1186 -1.28397 -11.131
1522229558.564978000 0.00530542 -2.69378 0.0181881 16.0213 -1.27456 -11.2012
1522229558.642991000 0.00450362 -2.68301 0.017982 15.9507 -1.28658 -11.2682
1522229558.725141000 0.00399108 -2.6713 0.0180172 15.8557 -1.29118 -11.3343
1522229558.807303000 0.00396716 -2.66042 0.0182287 15.7852 -1.29056 -11.4089
1522229558.887263000 0.0033294 -2.64989 0.017951 15.6856 -1.29407 -11.4573
1522229558.965299000 0.00292795 -2.63948 0.0177219 15.5999 -1.30076 -11.5231
1522229559.047289000 0.0026493 -2.6274 0.0176154 15.5106 -1.30078 -11.59
1522229559.125329000 0.00173984 -2.61583 0.0170595 15.4495 -1.32236 -11.6722
1522229559.205230000 0.00124177 -2.60593 0.0167687 15.3267 -1.32204 -11.708
1522229559.290551000 0.00116805 -2.59501 0.0171964 15.2732 -1.32795 -11.7893
1522229559.366368000 0.000631766 -2.5844 0.0167475 15.164 -1.33205 -11.8433
1522229559.448968000 9.06726e-05 -2.57385 0.0157697 15.0913 -1.3494 -11.8981
1522229559.526843000 9.8779e-06 -2.56122 0.0159192 14.9896 -1.34038 -11.9649
1522229559.609129000 -0.000796815 -2.55212 0.0150012 14.9184 -1.36126 -12.0226
1522229559.686941000 -0.00142899 -2.54158 0.0149807 14.8109 -1.36091 -12.0659
1522229559.769057000 -0.00164172 -2.53041 0.0151576 14.7469 -1.3626 -12.1372
1522229559.848924000 -0.00207071 -2.51915 0.0149329 14.6396 -1.36232 -12.185
1522229559.928928000 -0.00319661 -2.50913 0.0149928 14.5779 -1.38942 -12.2557
1522229560.006861000 -0.00228195 -2.49855 0.0149653 14.454 -1.36314 -12.2817
1522229560.089083000 -0.00337182 -2.48832 0.014628 14.3907 -1.38247 -12.3417
1522229560.170781000 -0.00361301 -2.47707 0.0146471 14.2594 -1.37748 -12.3723
1522229560.250926000 -0.00372627 -2.46454 0.014279 14.1727 -1.3799 -12.4377
1522229560.328733000 -0.00394098 -2.45361 0.0143941 14.0676 -1.37737 -12.4794
1522229560.406539000 -0.00463086 -2.44294 0.0139345 14.0096 -1.39248 -12.5369
1522229560.489136000 -0.00473954 -2.43273 0.0139212 13.8915 -1.38597 -12.5701
1522229560.571363000 -0.00595064 -2.42009 0.014598 13.8083 -1.41521 -12.6444
1522229560.649334000 -0.0053054 -2.41013 0.0141458 13.6775 -1.39031 -12.651
1522229560.729381000 -0.00637435 -2.39776 0.0146107 13.6319 -1.41648 -12.7418
1522229560.811332000 -0.00608359 -2.38734 0.0134497 13.4993 -1.39891 -12.7468
1522229560.891297000 -0.00732092 -2.3749 0.0128162 13.4239 -1.42107 -12.8191
1522229560.967172000 -0.00750933 -2.36314 0.0130332 13.2883 -1.41505 -12.833
1522229561.049348000 -0.00869968 -2.35196 0.0121 13.2126 -1.43811 -12.9038
1522229561.127227000 -0.00770869 -2.34155 0.0128184 13.0737 -1.412 -12.8998
1522229561.207439000 -0.00879668 -2.32916 0.0122333 13.0095 -1.42838 -12.9722
1522229561.284496000 -0.00859238 -2.31742 0.0121927 12.8765 -1.41971 -12.9758
1522229561.368831000 -0.00938147 -2.30363 0.0125431 12.8237 -1.43829 -13.075
1522229561.446706000 -0.00932459 -2.29485 0.0121022 12.6879 -1.4285 -13.0547
1522229561.526687000 -0.00990689 -2.2825 0.0116384 12.6082 -1.43762 -13.1302
1522229561.608756000 -0.00960939 -2.27277 0.0116553 12.4592 -1.42366 -13.1056
1522229561.688662000 -0.0102781 -2.26023 0.0112071 12.3931 -1.43494 -13.1626
1522229561.766531000 -0.0102935 -2.25036 0.0114503 12.2299 -1.42924 -13.1367
1522229561.846432000 -0.0110456 -2.2367 0.0105931 12.1535 -1.43915 -13.2048
1522229561.926313000 -0.0107558 -2.22597 0.0108358 12.0318 -1.42931 -13.2019
1522229562.006255000 -0.0112137 -2.21357 0.0105219 11.9685 -1.43525 -13.2699
1522229562.084574000 -0.0110808 -2.20342 0.0104912 11.8255 -1.42872 -13.2536
1522229562.166524000 -0.0118003 -2.19106 0.01001 11.7242 -1.43874 -13.2938
1522229562.246560000 -0.0114262 -2.18055 0.0101929 11.6147 -1.4272 -13.2858
1522229562.326471000 -0.0123873 -2.16706 0.00975657 11.53 -1.44114 -13.3502
1522229562.406273000 -0.0122166 -2.15797 0.0093758 11.4014 -1.43366 -13.3235
1522229562.486965000 -0.0129737 -2.14481 0.00894137 11.325 -1.44606 -13.3912
1522229562.566728000 -0.0125718 -2.13495 0.00900706 11.1901 -1.43334 -13.3555
1522229562.647060000 -0.0134777 -2.12122 0.00863845 11.084 -1.44765 -13.4169
1522229562.725113000 -0.012805 -2.11154 0.0088535 10.9918 -1.42915 -13.3876
1522229562.804980000 -0.0138046 -2.09881 0.00793077 10.8725 -1.44708 -13.4229
1522229562.887080000 -0.0133113 -2.08826 0.00816236 10.7627 -1.43396 -13.3965
1522229562.967135000 -0.0140492 -2.07657 0.00737202 10.6738 -1.44635 -13.4388
1522229563.047188000 -0.0136877 -2.06693 0.00761692 10.5501 -1.43574 -13.4077
1522229563.128147000 -0.0141381 -2.05449 0.00705924 10.4581 -1.44017 -13.4469
1522229563.206128000 -0.0141616 -2.04435 0.00738433 10.3509 -1.43685 -13.4116
1522229563.286424000 -0.0141548 -2.03292 0.00727558 10.2506 -1.43292 -13.4483
1522229563.366401000 -0.0143593 -2.02367 0.00697206 10.1384 -1.43208 -13.4136
1522229563.444429000 -0.015057 -2.01111 0.00561018 10.0579 -1.44663 -13.4616
1522229563.524320000 -0.0146163 -2.00119 0.00617313 9.92392 -1.43247 -13.4219
1522229563.604227000 -0.0153201 -1.98928 0.00523319 9.82618 -1.44361 -13.4587
1522229563.684104000 -0.0152551 -1.9802 0.00534317 9.72238 -1.43945 -13.4317
1522229563.762263000 -0.0152728 -1.96867 0.00514886 9.62553 -1.43695 -13.4636
1522229563.842265000 -0.0151878 -1.95932 0.00535686 9.52594 -1.43151 -13.4288
1522229563.923427000 -0.0154678 -1.94831 0.00493087 9.40801 -1.4352 -13.4479
1522229564.001351000 -0.015398 -1.9402 0.00480626 9.31807 -1.43121 -13.4121
1522229564.083619000 -0.0159936 -1.92874 0.00400631 9.21157 -1.44044 -13.4349
1522229564.161590000 -0.0157926 -1.91878 0.00409976 9.11331 -1.43447 -13.4011
1522229564.241447000 -0.01583 -1.90721 0.00368733 9.0126 -1.43141 -13.4256
1522229564.319502000 -0.0159023 -1.89845 0.00375716 8.90295 -1.43034 -13.3817
1522229564.401533000 -0.0162872 -1.88741 0.00295418 8.80514 -1.43499 -13.4079
1522229564.479609000 -0.0162706 -1.87781 0.00278132 8.70578 -1.43275 -13.3835
1522229564.561599000 -0.016586 -1.8665 0.00271611 8.60689 -1.43894 -13.4004
1522229564.641702000 -0.0164503 -1.85767 0.0023901 8.49834 -1.43149 -13.355
1522229564.721755000 -0.0169525 -1.84672 0.00225803 8.38967 -1.44162 -13.3842
1522229564.800588000 -0.0168001 -1.83765 0.0019491 8.28853 -1.43676 -13.3421
1522229564.878742000 -0.01807 -1.82702 0.00186004 8.15851 -1.46859 -13.3361
1522229564.960759000 -0.0174547 -1.81788 0.00127586 8.07088 -1.45028 -13.2964
1522229565.038718000 -0.0174681 -1.80651 0.00176214 7.97098 -1.4639 -13.3212
1522229565.119184000 -0.0169504 -1.79827 0.00120924 7.8681 -1.44495 -13.2752
1522229565.201079000 -0.017923 -1.78685 0.00182842 7.7461 -1.47519 -13.2792
1522229565.279149000 -0.017836 -1.77762 0.000819108 7.64291 -1.46606 -13.2219
1522229565.361172000 -0.0176643 -1.76604 0.00261649 7.52447 -1.48898 -13.2361
1522229565.440975000 -0.0182918 -1.75822 0.00177347 7.43139 -1.49362 -13.1758
1522229565.520919000 -0.0138369 -1.74554 0.00328786 7.30835 -1.43072 -13.1973
1522229565.598664000 -0.0177141 -1.73696 0.00139889 7.2094 -1.48065 -13.1377
1522229565.682819000 -0.0171027 -1.72541 0.00147011 7.10325 -1.47285 -13.1393
1522229565.760308000 -0.0174125 -1.71578 0.000882009 7.00442 -1.47481 -13.0981
1522229565.842403000 -0.0157245 -1.70618 0.00176572 6.87705 -1.45166 -13.0687
1522229565.920258000 -0.0166007 -1.69516 0.000869989 6.77616 -1.46473 -13.0291
1522229566.002306000 -0.0127752 -1.68333 0.001706 6.66611 -1.41139 -13.0283
1522229566.080392000 -0.0155828 -1.67349 0.000832409 6.55738 -1.44579 -12.9703
1522229566.162674000 0.00208318 -1.66416 0.0114294 6.47942 -1.30006 -12.9541
1522229566.240815000 0.00456799 -1.65332 0.00860203 6.37421 -1.23089 -12.9162
1522229566.321379000 0.000877451 -1.64103 0.00969019 6.25812 -1.33195 -12.9396
1522229566.403725000 0.00421178 -1.63217 0.00746836 6.16658 -1.24775 -12.849
1522229566.483759000 0.000269855 -1.62006 0.00634358 6.04907 -1.3658 -12.8618
1522229566.563580000 0.0006074 -1.61218 0.00562257 5.96022 -1.3367 -12.7616
1522229566.645655000 -0.000500659 -1.6 0.00153047 5.84468 -1.40779 -12.7717
1522229566.723768000 -0.000532446 -1.59113 0.000267057 5.75596 -1.3911 -12.7033
1522229566.806279000 -0.00109849 -1.58048 0.000271096 5.63644 -1.41189 -12.6745
1522229566.884433000 -0.000550462 -1.57067 0.000951394 5.53732 -1.38158 -12.6079
1522229566.966454000 -0.00124511 -1.55943 0.000191421 5.42815 -1.40991 -12.5913
1522229567.044486000 -0.000600752 -1.55047 0.000794283 5.34267 -1.37813 -12.5077
1522229567.126515000 -0.00107339 -1.53864 0.000737908 5.21898 -1.40247 -12.4964
1522229567.204189000 -0.000411364 -1.52891 0.0019473 5.12737 -1.36389 -12.4229
1522229567.286127000 -0.00210255 -1.51636 0.00105194 4.99981 -1.42275 -12.4303
1522229567.364020000 -0.000942678 -1.50673 0.00069984 4.91135 -1.3938 -12.3485
1522229567.448177000 -0.00199279 -1.49532 0.000836781 4.79788 -1.42794 -12.3458
1522229567.522637000 -0.00145576 -1.4869 0.000454166 4.71724 -1.39929 -12.247
1522229567.608618000 -0.00283195 -1.47579 3.12536e-05 4.60106 -1.44086 -12.2151
1522229567.686397000 -0.00173429 -1.46519 -5.47335e-05 4.50455 -1.41246 -12.14
1522229567.766668000 -0.00268206 -1.45453 -0.00117132 4.39395 -1.4514 -12.1277
1522229567.844374000 -0.00227388 -1.44458 -0.00111408 4.30504 -1.43125 -12.0389
1522229567.926602000 -0.00326591 -1.43396 -0.00110262 4.19733 -1.45738 -12.0085
1522229568.003856000 -0.00250873 -1.42407 -0.0013896 4.107 -1.4275 -11.9268
1522229568.086051000 -0.00241447 -1.41511 -0.00074556 4.02182 -1.43671 -11.8578
1522229568.165956000 -0.00171214 -1.404 -0.000598473 3.91423 -1.40376 -11.7911
1522229568.248041000 -0.00235907 -1.39358 -0.00101214 3.81284 -1.43306 -11.7455
1522229568.324005000 -0.00215446 -1.38215 -0.00121529 3.72085 -1.42233 -11.6793
1522229568.406298000 -0.00263595 -1.37076 -0.000977541 3.6175 -1.43865 -11.6416
1522229568.486343000 -0.00222449 -1.36128 -0.00126248 3.52423 -1.4216 -11.547
1522229568.568235000 -0.00282337 -1.35214 -0.00125068 3.44087 -1.44147 -11.4755
1522229568.648111000 -0.0015682 -1.3407 -0.00105283 3.36325 -1.40529 -11.3902
1522229568.728126000 -0.00262488 -1.32871 -0.00131404 3.2478 -1.43508 -11.3548
1522229568.804069000 -0.00158863 -1.31937 -0.00144741 3.16191 -1.39603 -11.2601
1522229568.888463000 -0.00218354 -1.30849 -0.00175749 3.0729 -1.42491 -11.1981
1522229568.964386000 -0.00112096 -1.29695 -0.00196945 2.99578 -1.39461 -11.1218
1522229569.046374000 -0.00208826 -1.28721 -0.00184169 2.90474 -1.42233 -11.0454
1522229569.124263000 -0.00177583 -1.2752 -0.00200989 2.81774 -1.41145 -10.9702
1522229569.206076000 -0.00231465 -1.26498 -0.00182169 2.72546 -1.42685 -10.9014
1522229569.283814000 -0.00216563 -1.25228 -0.00197532 2.63117 -1.41892 -10.8315
1522229569.367902000 -0.00261874 -1.24181 -0.00201229 2.54701 -1.43456 -10.7632
1522229569.443710000 -0.0020274 -1.23085 -0.002155 2.46675 -1.41907 -10.6647
1522229569.527771000 -0.00267774 -1.21949 -0.00241861 2.37592 -1.44142 -10.6125
1522229569.605625000 -0.00210644 -1.20866 -0.00262698 2.312 -1.42537 -10.5172
1522229569.685668000 -0.00298659 -1.19581 -0.00257765 2.21106 -1.44671 -10.4674
1522229569.763963000 -0.00225358 -1.18489 -0.00251581 2.14459 -1.43043 -10.3589
1522229569.848165000 -0.0032296 -1.17348 -0.0027712 2.05889 -1.45653 -10.2947
1522229569.926229000 -0.00260687 -1.16246 -0.00288141 1.99065 -1.44291 -10.1927
1522229570.004157000 -0.00330463 -1.15079 -0.00306383 1.91029 -1.45941 -10.1359
1522229570.084220000 -0.00248735 -1.13807 -0.00339238 1.84082 -1.44267 -10.0466
1522229570.162147000 -0.00293005 -1.12747 -0.00313296 1.76298 -1.45268 -9.94078
1522229570.244200000 -0.00256891 -1.11532 -0.00324654 1.70698 -1.44635 -9.84854
1522229570.324091000 -0.00318744 -1.10357 -0.0033591 1.61415 -1.45995 -9.77606
1522229570.404084000 -0.00256758 -1.09158 -0.00367271 1.55357 -1.44836 -9.69079
1522229570.486253000 -0.00309178 -1.08049 -0.00350871 1.47945 -1.46202 -9.60482
1522229570.562003000 -0.00284935 -1.06728 -0.00379848 1.41731 -1.45658 -9.51127
1522229570.642149000 -0.00333233 -1.05722 -0.00351992 1.35649 -1.46855 -9.41359
1522229570.722054000 -0.00267038 -1.04369 -0.0039966 1.29503 -1.45603 -9.32337
