1522682216.660050000    1 0 0 0   0 1 0 0   0 0 1 0
1522682216.739464000         0.99999 -0.000914258  -0.00446719    0.0415819   0.000905535    0.999998 -0.00195431   0.0110566   0.00446897 0.00195025   0.999988 -0.0291357
1522682216.819223000       0.999994 -0.00273076 -0.00208157   0.0966884    0.00273208    0.999996 0.000631894   0.0772692     0.00207984 -0.000637577     0.999998   -0.0153037
1522682216.900046000        0.99997 -0.00775392  -0.0003117    0.139535     0.00775364      0.99997 -0.000894634    0.0456604   0.000318628  0.00089219           1 -0.00150168
1522682216.980314000       0.999968 -0.00801581 0.000293287    0.177061     0.0080158    0.999968 4.63561e-05    0.104197   -0.000293649 -4.40037e-05            1   0.00596367
1522682217.061022000      0.999943 -0.0105767 0.00147906   0.212912      0.0105778     0.999944 -0.000743476     0.107382   -0.00147111 0.000759078    0.999999    0.015098
1522682217.141276000      0.999894 -0.0145133 0.00109252   0.242541     0.0145142    0.999894 -0.00082809    0.136451   -0.00108039  0.00084386    0.999999   0.0166269
1522682217.221764000      0.999818 -0.0189499 0.00213781   0.275873     0.0189527     0.99982 -0.00129327    0.136195   -0.00211292  0.00133355    0.999997   0.0256696
1522682217.299819000      0.999746 -0.0224634 0.00202436   0.315591     0.0224664    0.999747 -0.00149996    0.166264   -0.00199015  0.00154506    0.999997   0.0271084
1522682217.380327000      0.999618 -0.0275385  0.0023624   0.358349      0.027542    0.999619 -0.00149115    0.155993   -0.00232044  0.00155565    0.999996   0.0307167
1522682217.460715000      0.999453 -0.0329713 0.00253786   0.394417    0.0329755   0.999455 -0.0016446   0.186582   -0.00248225  0.00172739    0.999995   0.0309704
1522682217.541759000      0.999369 -0.0354419 0.00249782   0.437499     0.0354456    0.999371 -0.00144561    0.190196   -0.00244501  0.00153324    0.999996   0.0315542
1522682217.621603000      0.999222 -0.0393976 0.00152705   0.486895     0.0394013     0.99922 -0.00246475    0.232134   -0.00142876  0.00252301    0.999996   0.0268896
1522682217.700120000      0.998999 -0.0446574 0.00274888   0.534108     0.0446618    0.999001 -0.00156935    0.237872   -0.00267605  0.00169055    0.999995   0.0336643
1522682217.781260000       0.998734  -0.0503043 0.000741462    0.581022     0.0503066    0.998728 -0.00352811    0.274211   -0.00056304  0.00356094    0.999994   0.0250957
1522682217.861829000      0.998514 -0.0544606 0.00179347   0.635078     0.0544655    0.998511 -0.00285109    0.291964   -0.00163553  0.00294453    0.999994    0.030174
1522682217.940272000       0.998195  -0.0600567 0.000143641    0.686486     0.0600568    0.998186 -0.00429665    0.332624   0.000114662  0.00429752    0.999991   0.0226581
1522682218.020471000      0.997803 -0.0662422 0.00100459   0.740211     0.0662457    0.997795 -0.00403823    0.338472   -0.000734876   0.00409591     0.999991    0.0260717
1522682218.101035000       0.997391  -0.0721829 0.000525809    0.797798     0.0721844    0.997382 -0.00419771    0.379455   -0.00022143  0.00422471    0.999991   0.0244146
1522682218.181152000      0.996873 -0.0789946 0.00219887   0.859733     0.0790038    0.996864 -0.00447199    0.390906   -0.00183871  0.00463173    0.999988   0.0342882
1522682218.260756000       0.996383  -0.0849772 0.000660389      0.9165    0.0849793   0.996373 -0.0043851   0.438365   -0.00028536  0.00442536     0.99999   0.0244875
1522682218.341528000      0.995783 -0.0917152 0.00224787   0.981391     0.0917239    0.995776 -0.00415438    0.461761   -0.00185735  0.00434304    0.999989    0.034097
1522682218.420799000      0.995187 -0.0979889 0.00123959    1.04348    0.0979934   0.995177 -0.0044083   0.512813   -0.000801651   0.00450855      0.99999    0.0265145
1522682218.501554000      0.994538  -0.104363 0.00159964    1.11022      0.104369     0.99453 -0.00411434    0.547824   -0.00116151  0.00425882     0.99999   0.0286888
1522682218.582374000       0.993801   -0.111172 0.000452901     1.17611      0.111173    0.993791 -0.00453193    0.599139   5.37339e-05  0.00455419     0.99999   0.0223999
1522682218.660756000     0.992964 -0.118404 0.0015298   1.24726       0.11841    0.992954 -0.00472512    0.622008   -0.000959551   0.00487302     0.999988    0.0281646
1522682218.741505000        0.99219   -0.124735 0.000588275     1.31755      0.124736    0.992178 -0.00487562    0.674976   2.44866e-05  0.00491092    0.999988   0.0237364
1522682218.820869000     0.991285 -0.131707 0.0025089   1.39377       0.13172    0.991269 -0.00597987    0.701202   -0.0016994 0.00625823   0.999979   0.035612
1522682218.900655000       0.990228   -0.139454 0.000464494     1.46722      0.139455    0.990213 -0.00550531    0.753516   0.000307791  0.00551629    0.999985   0.0218989
1522682218.981098000      0.989116  -0.147071 0.00444573    1.54211      0.147102    0.989092 -0.00767092    0.780397   -0.00326906   0.0082414    0.999961   0.0475498
1522682219.060408000      0.988139  -0.153555 0.00113215    1.61659      0.153559    0.988122 -0.00581392    0.834007   -0.000225944   0.00591882     0.999982     0.026224
1522682219.140991000      0.986934  -0.161012 0.00609828    1.68982     0.161066   0.986895 -0.0097561    0.86843   -0.00444751   0.0106109    0.999934   0.0584133
1522682219.221361000      0.985371  -0.170409 0.00211075    1.76756       0.17042    0.985345 -0.00716281    0.910911   -0.000859212   0.00741774     0.999972    0.0321624
1522682219.302683000      0.984042  -0.177832 0.00609617    1.84214     0.177886   0.983999 -0.0100884   0.957733   -0.00420459   0.0110118     0.99993    0.056054
1522682219.380902000       0.98286  -0.184349 0.00117592    1.92258      0.184352    0.982832 -0.00744733     1.01666   0.000217179  0.00753647    0.999972    0.024055
1522682219.459271000      0.981308  -0.192417 0.00320872    2.00142      0.192437    0.981278 -0.00787398     1.06189   -0.00163356  0.00834427    0.999964   0.0341181
1522682219.540573000      0.979535  -0.201273 0.00109121    2.07909      0.201276    0.979513 -0.00651239     1.11049   0.00024191 0.00659874   0.999978  0.0217791
1522682219.619928000      0.978071  -0.208264 0.00186667     2.1585      0.208272     0.97805 -0.00636915     1.16193   -0.00049923  0.00661825    0.999978   0.0236593
1522682219.700332000     0.976294 -0.216441 0.0017361   2.23591      0.216448    0.976263 -0.00781853     1.21559   -2.64298e-06   0.00800896     0.999968    0.0227226
1522682219.781532000      0.974558  -0.224117 0.00281724    2.30847      0.224132    0.974529 -0.00762819     1.26211   -0.00103587  0.00806554    0.999967   0.0275299
1522682219.859987000      0.972653  -0.232248 0.00259411    2.38328      0.232262    0.972614 -0.00877543     1.32051   -0.000484995   0.00913796     0.999958      0.02791
1522682219.938761000      0.970704  -0.240258 0.00302728    2.46365      0.240275    0.970669 -0.00835676     1.36821   -0.000930715   0.00883933      0.99996    0.0291721
1522682220.021212000      0.968658  -0.248393 0.00131884    2.54039      0.248395    0.968617 -0.00895393     1.42487   0.000946644  0.00900089    0.999959   0.0215082
1522682220.101420000      0.966751  -0.255711 0.00216111    2.61564       0.25572    0.966713 -0.00853964     1.46982   9.45046e-05  0.00880834    0.999961   0.0257793
1522682220.182874000        0.964614    -0.263665 -0.000714682      2.68566       0.26365    0.964584 -0.00807719     1.53367   0.00281904 0.00760295   0.999967 0.00844437
1522682220.262539000      0.962524  -0.271193 0.00129398    2.76138      0.271194    0.962487 -0.00853536     1.58069   0.00106928 0.00856641   0.999963   0.018781
1522682220.341120000       0.959971   -0.280098 0.000386342     2.83081      0.280092    0.959937 -0.00828333     1.64545   0.00194928 0.00805997   0.999966  0.0158097
1522682220.422757000      0.957607  -0.288066 0.00266298    2.90442      0.288079    0.957568 -0.00864644     1.69266   -5.92372e-05   0.00904703     0.999959    0.0283609
1522682220.503055000     0.955362 -0.295432 0.0020611   2.97682      0.295439    0.955321 -0.00881499     1.76265   0.000635223  0.00903043    0.999959   0.0273087
1522682220.582793000      0.953007  -0.302926 0.00377138    3.04909      0.302949    0.952964 -0.00902977     1.81416   -0.000858641   0.00974796     0.999952    0.0348153
1522682220.661718000      0.946913  -0.321477 0.00270114    3.31582     0.321482   0.946806 -0.0144489    1.41347   0.00208754  0.0145502   0.999892 -0.0717451
1522682220.742180000      0.947648  -0.319278 0.00504928    3.19644      0.319312    0.947605 -0.00918871     1.92303   -0.00185097     0.01032    0.999945   0.0395384
1522682220.822920000      0.945115  -0.326717 0.00376246    3.26616    0.326738  0.945068 -0.009415   1.99212   -0.000479744    0.0101276     0.999949    0.0340226
1522682220.901180000      0.942564  -0.333983 0.00532727    3.33525      0.334019    0.942522 -0.00915095     2.05177   -0.00196481   0.0104048    0.999944   0.0405216
1522682220.981864000      0.939794  -0.341711 0.00445896    3.40927      0.341739     0.93975 -0.00924592     2.11512   -0.00103087   0.0102131    0.999947   0.0337867
1522682221.063248000        0.9366  -0.350337 0.00662835    3.47884      0.350387    0.936559 -0.00924878     2.17009   -0.00296765   0.0109849    0.999935   0.0449353
1522682221.141428000      0.933576  -0.358335 0.00568103    3.54766      0.358375     0.93353 -0.00943463     2.24215   -0.00192265   0.0108439    0.999939   0.0391309
1522682221.222813000      0.930275  -0.366791 0.00723309    3.62301      0.366846    0.930238 -0.00905672     2.30023   -0.00340657   0.0110787    0.999933   0.0440347
1522682221.300174000      0.927236  -0.374431 0.00586964    3.69384      0.374472    0.927191 -0.00935637     2.37331   -0.00193896   0.0108736    0.999939   0.0359525
1522682221.382736000      0.924209  -0.381828 0.00675322    3.76134      0.381878    0.924167 -0.00923844     2.44159   -0.00271361   0.0111172    0.999934   0.0374284
1522682221.461120000      0.920729  -0.390168 0.00509437      3.825        0.3902    0.920685 -0.00908232     2.51631   -0.00114668   0.0103502    0.999946   0.0281207
1522682221.540410000      0.917379  -0.397957 0.00673259    3.89067      0.398006    0.917337 -0.00913442     2.57472   -0.00254095   0.0110593    0.999936   0.0334838
1522682221.621037000      0.913817  -0.406097 0.00483068    3.95495      0.406125    0.913773 -0.00904623      2.6477   -0.0007405  0.0102285   0.999947  0.0248046
1522682221.701712000      0.910467  -0.413541 0.00587776    4.01557      0.413578    0.910432 -0.00818007     2.70828   -0.00196851  0.00987859    0.999949   0.0258627
1522682221.780856000      0.906893  -0.421329 0.00526281    4.09138       0.42136    0.906848 -0.00904433     2.77878   -0.000961932    0.0104198     0.999945     0.025009
1522682221.862609000      0.903583  -0.428333 0.00827076    4.15929      0.428398    0.903547 -0.00889147     2.83481   -0.0036645  0.0115773   0.999926  0.0386725
1522682221.941757000      0.900011  -0.435811 0.00695326    4.21851      0.435859    0.899974 -0.00863453       2.911   -0.00249473   0.0108018    0.999939   0.0332626
1522682222.022466000     0.896508 -0.442892 0.0109453   4.27523      0.442984    0.896493 -0.00811938     2.97234   -0.00621638   0.0121277    0.999907   0.0550717
1522682222.103279000       0.89302  -0.449947 0.00796592    4.33955      0.450006    0.892986 -0.00845078     3.04447   -0.00331105   0.0111314    0.999933   0.0378894
1522682222.184092000     0.889231 -0.457299 0.0120827   4.39056      0.457406    0.889219 -0.00831203     3.10424   -0.00694309    0.012918    0.999892    0.057927
1522682222.262107000      0.885718  -0.464137 0.00895116    4.44947      0.464208    0.885681 -0.00892644     3.18333   -0.00378479   0.0120615     0.99992    0.037142
1522682222.343243000     0.881612 -0.471797 0.0129338   4.50255      0.471912     0.88161 -0.00788519     3.24377   -0.00768236   0.0130553    0.999885   0.0572081
1522682222.421804000     0.877755 -0.478992 0.0106172   4.56654       0.47908    0.877732 -0.00831318     3.31606   -0.00533711   0.0123834    0.999909   0.0398036
1522682222.502682000     0.873662 -0.486283 0.0156077    4.6207      0.486427    0.873692 -0.00712286     3.37717   -0.0101726   0.013815   0.999853  0.0649196
1522682222.583187000     0.869489 -0.493789 0.0126737   4.68281      0.493896     0.86949 -0.00730792     3.45321   -0.00741105   0.0126136    0.999893   0.0468444
1522682222.663417000       0.8654 -0.500818 0.0162791   4.73195      0.500963    0.865446 -0.00625356     3.51938   -0.0109568   0.013567   0.999848  0.0636493
1522682222.743942000     0.861032 -0.508361 0.0138959   4.79062      0.508481    0.861045 -0.00698383     3.59641   -0.00841471   0.0130791    0.999879   0.0487638
1522682222.823057000     0.856324 -0.516212 0.0153347   4.84539      0.516336    0.856369 -0.00541301     3.66405   -0.0103379  0.0125531   0.999868  0.0526032
1522682222.900396000     0.851681 -0.523867 0.0142352   4.90006     0.523984   0.851707 -0.0060269    3.74356   -0.0089669   0.012592    0.99988  0.0498733
1522682222.982919000     0.847461 -0.530599  0.016584   4.96347      0.530739    0.847519 -0.00529797     3.81647   -0.0112441  0.0132916   0.999848    0.05222
1522682223.063372000     0.842541 -0.538448 0.0140855   5.00517     0.538564   0.842563 -0.0060622    3.89008   -0.0086037  0.0126936   0.999882  0.0388994
1522682223.142612000      0.833944  -0.551555 -0.0180128    5.24485     0.551588   0.834109 -0.0035472    3.89874     0.0169812 -0.00697749    0.999831  -0.0591066
1522682223.223224000     0.831633 -0.555165 0.0133505   5.11669      0.555284    0.831624 -0.00779131     4.05271   -0.00677712   0.0138928    0.999881   0.0441656
1522682223.304854000     0.828196 -0.560256 0.0142762   5.17928      0.560379     0.82821 -0.00662395     4.13633   -0.00811257    0.013486    0.999876   0.0571264
1522682223.382400000     0.822159 -0.569104 0.0132303   5.22597      0.569219    0.822153 -0.00738868     4.21416   -0.00667242   0.0136056    0.999885   0.0335002
1522682223.465004000     0.817736 -0.575432 0.0136109   5.26266      0.575536    0.817759 -0.00526853     4.29841   -0.00809878   0.0121418    0.999893   0.0396429
1522682223.544313000     0.811653 -0.584017 0.0120088   5.32779       0.58412    0.811624 -0.00835953     4.37956   -0.0048645  0.0137996   0.999893  0.0197713
1522682223.623143000    0.806338  -0.5913 0.013535  5.37073      0.591405    0.806357 -0.00540252      4.4651   -0.00771953   0.0123609    0.999894   0.0325549
1522682223.701582000     0.799922 -0.599989 0.0117537    5.4372      0.600093    0.799875 -0.00942947     4.54722   -0.00374389   0.0145961    0.999886 -0.00209586
1522682223.783629000     0.794705 -0.606842 0.0136782   5.47781      0.606954    0.794714 -0.00609284     4.63515   -0.00717289   0.0131441    0.999888    0.016429
1522682223.863048000     0.788174  -0.61531 0.0132573   5.53728     0.615441   0.788111 -0.0106915    4.71994   -0.00386958   0.0165859    0.999855  -0.0204022
1522682223.945801000     0.782747 -0.622215 0.0124884    5.5809      0.622313    0.782742 -0.00640386     4.81468   -0.00579063   0.0127843    0.999902 -0.00265636
1522682224.021574000     0.774641 -0.632284  0.012133   5.63288      0.632389    0.774602 -0.00871401     4.89744   -0.0038885   0.014423   0.999888  -0.022853
1522682224.104206000     0.769414 -0.638634 0.0122017   5.67071      0.638729    0.769403 -0.00658196      5.0058   -0.00518457   0.0128578    0.999904  -0.0152708
1522682224.183414000      0.762287  -0.647169 0.00951076    5.71762      0.647238    0.762226 -0.00965235     5.08208   -0.00100265   0.0135136    0.999908  -0.0500414
1522682224.262555000     0.755089   -0.6555 0.0127047   5.75687      0.655608    0.755061 -0.00783712     5.17775   -0.00445562    0.014247    0.999889  -0.0203163
1522682224.342793000      0.747072  -0.664681 0.00914337    5.79952     0.664743   0.746996 -0.0106012    5.27006   0.000216346   0.0139979    0.999902  -0.0578883
1522682224.421822000      0.735323  -0.677703 0.00439541    5.69236     0.677276   0.734595 -0.0408374    5.38136   0.0244468 0.0330056  0.999156 -0.224013
1522682224.502329000       0.73156  -0.681712 0.00937225    5.88837     0.681773   0.731443 -0.0132602     5.4693   0.00218437  0.0160904   0.999868 -0.0633556
1522682224.583568000     0.724958   -0.6887 0.0112722   5.90016     0.688792   0.724887 -0.0102435    5.57809   -0.00111635   0.0151903    0.999884  -0.0413336
1522682224.660485000      0.716024  -0.698021 0.00875906    5.95283     0.698071   0.715913 -0.0128808    5.67539   0.00272031  0.0153374   0.999879 -0.0713534
1522682224.744420000     0.708801 -0.705323  0.011011   5.97576    0.705409  0.708729 -0.010085   5.77914   -0.000690654    0.0149156     0.999889   -0.0443786
1522682224.821221000      0.699878  -0.714219 0.00788815    6.02475    0.714257  0.699785 -0.011749   5.87479   0.00287132   0.013857     0.9999 -0.0681085
1522682224.901321000      0.692292  -0.721556 0.00942237    6.04951    0.721616  0.692204 -0.011112   5.97804   0.00149576  0.0144921   0.999894 -0.0594015
1522682224.981883000      0.683117  -0.730269 0.00759371    6.08041     0.730287   0.682979 -0.0148531    6.07897   0.00566039   0.015692   0.999861 -0.0796657
1522682225.063087000      0.674578  -0.738146 0.00922575    6.10925     0.738195   0.674457 -0.0132825    6.17789   0.00358208  0.0157705   0.999869 -0.0674723
1522682225.142392000       0.66596  -0.745954 0.00710759    6.14565     0.745964   0.665831 -0.0143725    6.28957   0.00598879  0.0148735   0.999871 -0.0774985
1522682225.221713000       0.65803  -0.752932 0.00946352    6.16202     0.752983   0.657913 -0.0129105    6.39056   0.00349455  0.0156214   0.999872 -0.0639752
1522682225.302822000      0.648477  -0.761188 0.00843697    6.19555     0.761208   0.648322 -0.0155254    6.49282   0.00634791  0.0164902   0.999844 -0.0797832
1522682225.382729000     0.640838  -0.76761 0.0100383   6.21836     0.767671   0.640729 -0.0121468    6.59042   0.00289219  0.0154903   0.999876 -0.0541353
1522682225.461222000      0.631687  -0.775183 0.00793941     6.2539    0.775198  0.631549 -0.014617   6.69759   0.00631675   0.015388   0.999862 -0.0762626
1522682225.542796000     0.623519 -0.781735 0.0107288   6.26291     0.781805   0.623419 -0.0113391    6.80037   0.00217564   0.015458   0.999878 -0.0509981
1522682225.622325000     0.613898 -0.789341 0.0083447   6.29743     0.789366   0.613776 -0.0134248    6.90062   0.00547497  0.0148285   0.999875 -0.0697927
1522682225.701676000     0.606134 -0.795293 0.0104728   6.31234      0.795362    0.606064 -0.00929362     7.00659   0.00104397  0.0139628   0.999902 -0.0418789
1522682225.779447000      0.596126  -0.802841 0.00888423    6.34037     0.802884    0.59604 -0.0106975    7.11039   0.00329308  0.0135101   0.999903 -0.0551935
1522682225.858871000     0.587252 -0.809317 0.0118334   6.34619      0.809402    0.587216 -0.00670977     7.21243   -0.00151845   0.0135183    0.999907  -0.0226285
1522682225.941252000      0.57672 -0.816876  0.010334   6.37421     0.816938   0.576632 -0.0103548    7.32383    0.0024997  0.0144141   0.999893 -0.0494847
1522682226.022023000     0.568094 -0.822852 0.0135158   6.38125      0.822958    0.568071 -0.00586364      7.4273   -0.00285304    0.014454    0.999892 -0.00770378
1522682226.103631000     0.557537 -0.830074 0.0113575   6.40471      0.830151    0.557459 -0.00947313     7.52989   0.00153209    0.01471   0.999891 -0.0390156
1522682226.180195000     0.548925 -0.835746  0.014492   6.41881     0.835868    0.54889 -0.0066097    7.63611   -0.00243049   0.0157416    0.999873  -0.0154422
1522682226.261092000     0.537607 -0.843095 0.0130146   6.43079      0.843195    0.537557 -0.00737297     7.73935   -0.000779967    0.0149376     0.999888   -0.0243735
1522682226.342382000     0.529115 -0.848409 0.0154822   6.43974      0.848545     0.52909 -0.00597796     7.84697   -0.00311974   0.0163004    0.999862 -0.00909221
1522682226.420066000     0.518562 -0.854946 0.0126424   6.44372      0.855039    0.518521 -0.00662135     7.94855   -0.000894469    0.0142434     0.999898   -0.0212209
1522682226.500457000     0.509444 -0.860378 0.0147231   6.44778      0.860496    0.509438 -0.00448423     8.05567   -0.00364235   0.0149536    0.999882 -0.00443174
1522682226.580994000     0.497706 -0.867249 0.0129621   6.45601      0.867343    0.497685 -0.00504077     8.15667   -0.00207946   0.0137514    0.999903  -0.0109945
1522682226.659464000     0.489083 -0.872116 0.0145228   6.45879      0.872215    0.489121 -0.00103697     8.26756   -0.00619905   0.0131742    0.999894  0.00937213
1522682226.739862000       0.470525   -0.882357 -0.00720313     6.42529    0.882254  0.470298 0.0211348   8.32124   -0.0152608 -0.0162994   0.999751 -0.0898498
1522682226.819127000      0.455201  -0.889866 -0.0305034    6.45339       0.890268     0.455435 -0.000830489      8.46074    0.0146314 -0.0267782   0.999534   -0.26626
1522682226.899315000     0.453546 -0.891159 0.0114919   6.46372       0.891219     0.453574 -0.000199631      8.58496   -0.00503453   0.0103323    0.999934 0.000493618
1522682226.981761000     0.443631 -0.896102 0.0138946    6.4617     0.896171   0.443703 0.00242657    8.69866   -0.00833954   0.0113755    0.999901   0.0186678
1522682227.058320000     0.430889 -0.902326 0.0119568   6.47042      0.902385     0.43093 0.000926102     8.81223   -0.00598819   0.0103906    0.999928  0.00333777
1522682227.140586000     0.420566 -0.907151 0.0142133   6.46324     0.907221   0.420644 0.00289592    8.91837   -0.00860576   0.0116767    0.999895   0.0175678
1522682227.218243000      0.40822 -0.912797 0.0125895   6.44653     0.912854   0.408279 0.00248284    9.02634   -0.00740637   0.0104788    0.999918   0.0125904
1522682227.301169000     0.397531 -0.917431 0.0169889   6.43957     0.917535    0.39764 0.00345728     9.1348   -0.00992727   0.0142135     0.99985   0.0234446
1522682227.377964000     0.382982 -0.923642 0.0145186   6.44683     0.923721   0.383057 0.00268303    9.24439   -0.00803961   0.0123836    0.999891   0.0180165
1522682227.460480000     0.372865 -0.927774 0.0143568   6.43199     0.927849   0.372943 0.00306629    9.35964   -0.00819909   0.0121776    0.999892   0.0159123
1522682227.537852000     0.359869 -0.932896 0.0141246   6.43268     0.932977    0.35993 0.00195737    9.47205   -0.00690988   0.0124735    0.999898  0.00936666
1522682227.618794000      0.34804 -0.937323 0.0171456   6.41231     0.937434   0.348145 0.00347713    9.57888   -0.00922837   0.0148627    0.999847   0.0171948
1522682227.697203000     0.335631 -0.941881 0.0145603    6.3924     0.941964   0.335703 0.00275359    9.69074   -0.0074815  0.0127911    0.99989 0.00936502
1522682227.779842000     0.324421 -0.945759 0.0170414   6.37368     0.945868   0.324529 0.00390512    9.80468   -0.00922374    0.014852    0.999847   0.0146541
1522682227.858869000     0.309791 -0.950693 0.0145482   6.37653     0.950778    0.30986 0.00266658    9.91453   -0.00704299    0.013006    0.999891  0.00795012
1522682227.940058000     0.298297 -0.954302 0.0180959   6.36579      0.95443   0.298409 0.00381617    10.0278   -0.00904175   0.0161329    0.999829   0.0122523
1522682228.016622000     0.285394 -0.958286 0.0154274   6.34416     0.958385   0.285466 0.00258597     10.133   -0.00688208   0.0140473    0.999878  0.00710879
1522682228.101732000      0.27351 -0.961703 0.0178617   6.32303     0.961834   0.273612 0.00347733    10.2414   -0.00823133   0.0162289    0.999834   0.0112608
1522682228.178367000     0.260092 -0.965486 0.0137612   6.29843     0.965568   0.260143 0.00204392    10.3444   -0.00555327   0.0127558    0.999903 0.000437066
1522682228.258199000     0.248028 -0.968652 0.0139846   6.27068     0.968723   0.248109 0.00432075    10.4515    -0.007655  0.0124755   0.999893 0.00932134
1522682228.337035000     0.235324 -0.971817 0.0139214    6.2381    0.971907  0.235362 0.0011342   10.5537   -0.00437881   0.0132634    0.999902  0.00259937
1522682228.416828000     0.224053 -0.974478 0.0139099   6.20404    0.974554  0.224122 0.0036032   10.6707   -0.00662875   0.0127486    0.999897  0.00587261
1522682228.498230000     0.209785 -0.977685 0.0110289   6.17601     0.977739   0.209816 0.00174098    10.7701   -0.00401618   0.0104182    0.999938 -0.00631777
1522682228.579280000     0.197327  -0.98027 0.0115596   6.15088     0.980324   0.197373 0.00294488    10.8807   -0.00516833   0.0107511    0.999929 -0.00281684
1522682228.661010000      0.185012  -0.982703 0.00814348    6.11852     0.982735   0.185018 2.6853e-05    10.9876   -0.00153308  0.00799792    0.999967  -0.0178204
1522682228.741538000     0.173003 -0.984868 0.0102553   6.08905     0.984916   0.173026 0.00142759    11.0935   -0.00318041  0.00985359    0.999946  -0.0107591
1522682228.823456000      0.158992  -0.987258 0.00659047    6.05518        0.98728     0.158991 -0.000719381      11.1947   -0.00033761  0.00662101    0.999978  -0.0242317
1522682228.901952000      0.091609  -0.995298 -0.0314723    6.45052     0.995527  0.0922719 -0.0202964    11.2719     0.023105 -0.0294722   0.999299 -0.0209829
1522682228.984444000      0.135204  -0.990813 0.00300708     5.9922      0.990814    0.135195 -0.00309927     11.4091   0.00266426 0.00339849   0.999991 -0.0368386
1522682229.064545000      0.122487  -0.992451 0.00620202    5.95802        0.99247     0.122485 -0.000684927       11.505   -7.98994e-05   0.00623922     0.999981   -0.0318875
1522682229.146411000      0.101781  -0.994783 0.00679932    6.01709      0.99477   0.101834 0.00789607    11.4854   -0.00854728  0.00596009    0.999946   0.0716587
1522682229.224777000     0.099599 -0.995017  0.004607   5.87364      0.995026   0.0995893 -0.00229545     11.7004    0.0018252 0.00481271   0.999987  -0.046053
1522682229.309069000     0.0863199  -0.996265 0.00212684    5.82903      0.996257   0.0863092 -0.00468355     11.8172    0.0044825 0.00252317   0.999987 -0.0520257
1522682229.388183000     0.0755096  -0.997124 0.00653011    5.78395      0.997139    0.075485 -0.00394157     11.9128   0.00343731 0.00680906   0.999971 -0.0496573
1522682229.468600000     0.0630994   -0.99799 0.00593197    5.74379      0.997987   0.0630596 -0.00666944      12.018   0.00628197 0.00634087    0.99996 -0.0560843
1522682229.547656000     0.0530749  -0.998572 0.00600174    5.69264      0.998587   0.0530578 -0.00296106     12.1177    0.0026384 0.00615042   0.999978 -0.0497922
1522682229.629901000     0.0365198   -0.99929 0.00929024    5.71567     0.999317  0.0365706 0.00535883    12.1929   -0.00569477  0.00908818    0.999942   -0.164975
1522682229.706225000     0.0293544  -0.999545 0.00696668    5.59206      0.999567   0.0293405 -0.00208054     12.3135   0.00187519 0.00702474   0.999974 -0.0544779
1522682229.785249000     0.0167668  -0.999841 0.00609695    5.54891      0.999854    0.016747 -0.00328781     12.4176   0.00318518 0.00615119   0.999976 -0.0527049
1522682229.865015000    0.00494265  -0.999951 0.00858311    5.50904      0.999987   0.0049309 -0.00138974       12.51   0.00134735 0.00858987   0.999962 -0.0546019
1522682229.946104000    -0.00645336   -0.999951  0.00746926     5.45566      0.999976 -0.00647275 -0.00257374     12.6107   0.00262196 0.00745247   0.999969 -0.0481387
1522682230.025263000     -0.018273  -0.999791 0.00922146    5.40306       0.999833   -0.0182797 -0.000641089      12.7092   0.000809521   0.0092082    0.999957  -0.0502071
1522682230.106043000    -0.0307752  -0.999497 0.00767954    5.33999      0.999523  -0.0307943 -0.00237657     12.7957   0.00261186 0.00760273   0.999968 -0.0454184
1522682230.185671000    -0.0424043  -0.999062 0.00881242    5.29295        0.9991  -0.0424136 -0.00086855     12.8972    0.0012415 0.00876766   0.999961  -0.048475
1522682230.266198000     -0.055179  -0.998455 0.00647317    5.23272      0.998472  -0.0551965 -0.00256017     12.9876   0.00291351 0.00632201   0.999976 -0.0454026
1522682230.344870000    -0.0664613   -0.99776 0.00766436    5.17597       0.997788   -0.0664676 -0.000568891       13.085   0.00107705  0.0076096    0.99997 -0.0479886
1522682230.422623000    -0.0783643  -0.996863  0.0110866    5.09654     0.996912 -0.0783027 0.00588297     13.228   -0.0049964  0.0115134   0.999921  0.0484965
1522682230.503715000    -0.0898503  -0.995926 0.00768978    5.06112     0.995955 -0.0898416 0.00146665    13.2709   -0.000769811   0.00779046     0.999969   -0.0309985
1522682230.583380000     -0.103237  -0.994623 0.00815016    5.00568      0.994655    -0.10325 -0.00121813     13.3552   0.00205308 0.00798084   0.999966 -0.0374807
1522682230.664868000     -0.114323  -0.993395 0.00986171    4.95014     0.993444  -0.114314 0.00144751    13.4501   -0.000310615   0.00996253      0.99995   -0.0282612
1522682230.744303000     -0.128213  -0.991706 0.00902203    4.87575       0.991745    -0.128221 -0.000338628      13.5267   0.00149264 0.00890414   0.999959 -0.0322345
1522682230.823340000    -0.138965 -0.990244 0.0103047   4.82816     0.990297   -0.13895 0.00209661    13.6186   -0.000644316     0.010496     0.999945   -0.0221394
1522682230.902815000     -0.151855  -0.988363 0.00891069     4.7503      0.988401   -0.151863 -0.00025447     13.7046   0.00160472  0.0087687    0.99996 -0.0261365
1522682230.983258000     -0.162195  -0.986711 0.00973642     4.6883     0.986759  -0.162185 0.00177585    13.7866   -0.000173149   0.00989553     0.999951   -0.0193625
1522682231.063878000     -0.167152  -0.985883 0.00975752    4.70706    0.985657 -0.166864 0.0252124   13.8152   -0.0232283  0.0138319   0.999634   0.107295
1522682231.143031000     -0.185779  -0.982561 0.00778094    4.57239     0.982588  -0.185751 0.00418456    13.9641   -0.00266627  0.00842286    0.999961  -0.0107917
1522682231.221418000     -0.197683  -0.980244 0.00657354    4.50301     0.980266  -0.197673 0.00216232    14.0424   -0.000820188   0.00687127     0.999976   -0.0109763
1522682231.302486000     -0.207767  -0.978153 0.00708729     4.4376     0.978176  -0.207746 0.00356977    14.1278   -0.00201942   0.0076743    0.999969 -0.00934349
1522682231.384764000     -0.219536  -0.975575 0.00757702    4.35933     0.975604  -0.219531 0.00153695    14.2003    0.00016398  0.00772959     0.99997 -0.00550618
1522682231.463161000    -0.229009   -0.9734 0.0068055   4.31178     0.973423  -0.228991 0.00336791    14.2887   -0.00171993  0.00739591    0.999971 -0.00396804
1522682231.544585000     -0.240209  -0.970687 0.00810463    4.22089     0.970721  -0.240204 0.00159416    14.3684    0.000399331   0.00825026     0.999966 -0.000464839
1522682231.623333000      -0.25141   -0.96784 0.00888396    4.16931     0.967878  -0.251378 0.00462903    14.4407   -0.00224693  0.00976237     0.99995  0.00609798
1522682231.703763000     -0.261088  -0.965271 0.00922515    4.08178     0.965315  -0.261073 0.00279549    14.5292   -0.00028996  0.00963504    0.999954   0.0053066
1522682231.784917000     -0.272036  -0.962251 0.00835994    4.04421     0.962285  -0.272006 0.00457935    14.6098   -0.00213253   0.0092904    0.999955  0.00962526
1522682231.864838000      -0.28232  -0.959279 0.00888923    3.95345      0.95932  -0.282309 0.00245743    14.6908   0.000152149   0.0092214    0.999957  0.00987258
1522682231.946370000    -0.292735 -0.956136 0.0104585   3.88574    0.956193 -0.292702 0.0045488   14.7643   -0.00128806   0.0113319    0.999935   0.0197661
1522682232.024809000      -0.30434  -0.952511 0.00993703    3.80993     0.952563  -0.304336 0.00192719    14.8528   0.00118853  0.0100522   0.999949 0.00877207
1522682232.105491000     -0.31321 -0.949613 0.0115709   3.74375     0.949684  -0.313181 0.00430161    14.9209   -0.000461068    0.0123361     0.999924    0.0181895
1522682232.186169000    -0.323662 -0.946099 0.0118414   3.66059     0.946173  -0.323645 0.00339117     15.007   0.000624023   0.0123016    0.999924   0.0201754
1522682232.264866000    -0.334193 -0.942426 0.0121839   3.60436     0.942504  -0.334146 0.00573859    15.0772   -0.00133699   0.0134012    0.999909   0.0293069
1522682232.345382000    -0.344823   -0.9386 0.0112354   3.51834     0.938667  -0.344807 0.00340216    15.1618   0.000680772   0.0117194    0.999931   0.0222824
1522682232.425436000     -0.35554  -0.93459 0.0115029   3.45412     0.934661  -0.355512 0.00449241     15.235   -0.000109148    0.0123485     0.999924    0.0253031
1522682232.505895000    -0.366021 -0.930544 0.0107574   3.37068     0.930606  -0.366006 0.00336833    15.3121   0.000802892   0.0112438    0.999936   0.0217394
1522682232.588332000    -0.375743 -0.926655 0.0112664   3.29823     0.926724  -0.375707 0.00528207    15.3785   -0.000661776    0.0124256     0.999923    0.0254845
1522682232.664910000    -0.386572 -0.922199 0.0105452   3.21328     0.922259  -0.386549 0.00418153    15.4632   0.000220041   0.0113419    0.999936   0.0295886
1522682232.747448000    -0.397638 -0.917471 0.0114768   3.13955     0.917542   -0.39759 0.00628312    15.5357   -0.00120151   0.0130289    0.999914   0.0280197
1522682232.825913000    -0.407789 -0.913005 0.0114275   3.04511     0.913076  -0.407756 0.00519493    15.6062   -8.33455e-05    0.0125527     0.999921    0.0301499
1522682232.904699000    -0.419351 -0.907733 0.0128807   2.97064     0.907821  -0.419269 0.00862556    15.6748   -0.00242922   0.0153105     0.99988   0.0247714
1522682232.985176000    -0.428328 -0.903548 0.0116385   2.87595     0.903623   -0.42828 0.00649037    15.7465   -0.000879823    0.0132969     0.999911    0.0301217
1522682233.066369000     -0.43922 -0.898299 0.0119934   2.81459    0.898375 -0.439138  0.008909   15.8217   -0.00273619   0.0146876    0.999888   0.0237604
1522682233.145607000    -0.448799 -0.893548 0.0123277   2.71338     0.893632  -0.448733 0.00777884     15.896   -0.00141889   0.0145076    0.999894   0.0328155
1522682233.226126000    -0.459741 -0.887969 0.0122018   2.64813      0.88805  -0.459657 0.00913459    15.9686   -0.00250261   0.0150353    0.999884   0.0200728
1522682233.306629000    -0.469607 -0.882809  0.010807   2.54058    0.882874 -0.469553 0.0072514    16.033   -0.00132716   0.0129465    0.999915   0.0204338
1522682233.386565000     -0.480489  -0.876949 0.00948342    2.46826    0.876995 -0.480419 0.0087853   16.1033   -0.00314824   0.0125381    0.999916   0.0194227
1522682233.465018000     -0.489878  -0.871739 0.00954986    2.36052      0.87179  -0.489835 0.00660543    16.1723   -0.00108035   0.0115613    0.999933   0.0162999
1522682233.547824000     -0.499908  -0.866051 0.00686967    2.28916     0.866071  -0.499855 0.00815884    16.2388   -0.00363214   0.0100283    0.999943   0.0146352
1522682233.627165000    -0.515407 -0.856531 0.0266386   2.35036    0.856487 -0.513867 0.0486868   16.2711   -0.0280131  0.0479092   0.998459  0.0312032
1522682233.709693000     -0.520418  -0.853878 0.00752631    2.11302    0.853899 -0.520341  0.010127   16.3667   -0.00473095    0.011697     0.99992  0.00458004
1522682233.786363000     -0.530815  -0.847463 0.00648461    2.00606      0.84748  -0.530763 0.00827205    16.4228   -0.00356847  0.00988651    0.999945  0.00215515
1522682233.869777000      -0.53984  -0.841736 0.00732555    1.92308    0.841752 -0.539755 0.0108956   16.5063   -0.00521718   0.0120482    0.999914  0.00122067
1522682233.948348000     -0.549325  -0.835584 0.00640475    1.81743     0.835598  -0.549263 0.00926454    16.5306   -0.00422341    0.010441    0.999937  0.00333182
1522682234.033036000     -0.559414  -0.828866 0.00618397    1.72294    0.828865 -0.559325 0.0117646     16.63    -0.0062924   0.0117069    0.999912 -0.00537611
1522682234.111589000     -0.569173  -0.822194 0.00630199    1.62931     0.822205  -0.569104 0.00999835    16.6682   -0.00463409   0.0108723     0.99993 -0.00727132
1522682234.194015000     -0.577765  -0.816183 0.00568054    1.53747    0.816164 -0.577656 0.0137829    16.742   -0.00796794   0.0125995    0.999889 -0.00315709
1522682234.276851000      -0.58781  -0.808977 0.00587284    1.43136    0.808976 -0.587723 0.0118529   16.7828   -0.00613711   0.0117182    0.999913 -0.00701896
1522682234.354509000     -0.596113  -0.802881 0.00563637    1.33822     0.80284 -0.595966 0.0165245   16.8439   -0.0099081  0.0143755   0.999848  0.0115099
1522682234.430921000     -0.606349  -0.795183 0.00501145    1.22742    0.795149 -0.606229 0.0149714   16.8957   -0.00886689   0.0130627    0.999875  0.00818203
1522682234.511605000     -0.615656  -0.787997 0.00530594    1.14707    0.787952 -0.615508  0.016752   16.9759   -0.00993472   0.0144943    0.999846 -0.00204576
1522682234.592160000     -0.623651  -0.781689 0.00462689     1.0249    0.781648 -0.623526 0.0155352   16.9801   -0.00925871   0.0133051    0.999869  0.00929924
1522682234.670540000     -0.632223  -0.774774 0.00432049   0.933335    0.774721 -0.632087 0.0165207   17.0509   -0.0100689  0.0137919   0.999854 0.00820244
1522682234.750910000     -0.641365  -0.767225 0.00401034   0.823299    0.767193 -0.641265 0.0139127   17.0862   -0.00810252   0.0119999    0.999895  0.00560124
1522682234.833609000     -0.643493  -0.765451 0.00124943   0.480973      0.765415   -0.643477 -0.00878327     16.7043    0.00752714 -0.00469564    0.999961   0.0298844
1522682234.912013000      -0.65986  -0.751377 0.00413735   0.618944    0.751361 -0.659779 0.0121569    17.175   -0.00640471   0.0111305    0.999918  0.00966206
1522682234.990312000     -0.667619  -0.744489 0.00449719   0.521897    0.744463 -0.667509 0.0143843   17.2192   -0.00770701   0.0129512    0.999886   0.0102297
1522682235.073711000     -0.676531   -0.73638 0.00712326   0.400601    0.736403 -0.676434 0.0121818   17.2454     -0.004152   0.0134869      0.9999 -0.00823907
1522682235.152041000     -0.684953  -0.728572 0.00465454    0.31583    0.728544 -0.684829 0.0152386    17.312   -0.00791488   0.0138288    0.999873   0.0123855
1522682235.232355000     -0.693224  -0.720669 0.00873134   0.194121    0.720707 -0.693081 0.0148392   17.3451   -0.00464261   0.0165796    0.999852   0.0156755
1522682235.313517000     -0.701926  -0.712229 0.00543225   0.103336    0.712215 -0.701796 0.0152393    17.401   -0.00704153   0.0145658    0.999869  0.00536485
1522682235.393733000     -0.709579  -0.704559 0.00971621 -0.0291918    0.704613 -0.709415 0.0158271   17.4098   -0.00425831   0.0180768    0.999828   0.0234071
1522682235.473992000     -0.718183  -0.695811 0.00769766  -0.107407    0.695826 -0.718011 0.0169053   17.4857   -0.00623593   0.0174974    0.999827   0.0221697
1522682235.553831000    -0.725636 -0.688004 0.0101904 -0.242675    0.688072 -0.725483 0.0152034   17.4901   -0.00306707   0.0180439    0.999833   0.0229244
1522682235.633915000     -0.733042  -0.680125 0.00886491  -0.327342    0.680161 -0.732851 0.0176143   17.5311   -0.00548329   0.0189416    0.999806   0.0380585
1522682235.714292000     -0.74104 -0.671383 0.0101894 -0.445322    0.671455  -0.74089 0.0151505   17.5546   -0.00262255   0.0180689    0.999833   0.0292257
1522682235.795536000    -0.748701 -0.662832 0.0100117 -0.530992    0.662899 -0.748525 0.0166156   17.6128   -0.00351939   0.0190768    0.999812   0.0330604
1522682235.873811000    -0.755564 -0.654973 0.0115164 -0.664379    0.655074 -0.755473 0.0117708   17.6118    0.00099079   0.0164377    0.999864 -0.00478683
1522682235.954110000    -0.762984 -0.646315 0.0114725 -0.745031    0.646417 -0.762872 0.0131116   17.6653   0.000277829     0.01742    0.999848   0.0068264
1522682236.030851000      -0.764988   -0.643989 -0.00848131   -0.722525    0.643095 -0.764509 0.0442053   17.7773   -0.0349518  0.0283622   0.998987   0.449453
1522682236.114521000    -0.777926 -0.628242 0.0119318 -0.958273     0.628347  -0.777876 0.00944715    17.7357   0.00334633  0.0148465   0.999884 -0.0224056
1522682236.190797000    -0.784458 -0.620068 0.0119336  -1.11168     0.620166  -0.784432 0.00782118    17.7165    0.00451144   0.0135362    0.999898 -0.00375602
1522682236.273227000    -0.791728  -0.61076 0.0118207  -1.17215     0.61087 -0.791647 0.0115729   17.7873    0.00228955   0.0163835    0.999863 0.000897154
1522682236.352258000    -0.798639 -0.601686 0.0122228  -1.32027     0.601793  -0.798603 0.00882676    17.7838     0.0044502    0.014405    0.999886 -0.00271744
1522682236.435155000     -0.80531 -0.592722 0.0124937  -1.40388    0.592849 -0.805212 0.0127783   17.8197   0.00248609  0.0176973    0.99984   0.002202
1522682236.514490000    -0.811658 -0.584003 0.0123641  -1.53744    0.584122 -0.811595 0.0107827   17.8195   0.00373752   0.015974   0.999865 0.00920101
1522682236.596908000     -0.81804 -0.575021 0.0127299  -1.60778    0.575153 -0.817946 0.0127573   17.8724    0.0030767  0.0177576   0.999838 0.00246549
1522682236.673956000    -0.824478 -0.565754 0.0125824  -1.74164    0.565879 -0.824411 0.0112466   17.8772   0.00401029  0.0163927   0.999858  0.0105614
1522682236.754300000    -0.830454  -0.55694 0.0127891  -1.82943    0.557078 -0.830352 0.0133863   17.9099   0.00316403  0.0182412   0.999829 0.00769168
1522682236.832895000    -0.836453 -0.547899 0.0123916  -1.95846    0.548023 -0.836388 0.0112251   17.9101   0.00421397  0.0161802    0.99986  0.0166641
1522682236.913304000    -0.842773 -0.538131 0.0121864  -2.03871    0.538249  -0.84272 0.0105072   17.9485     0.00461543    0.0154145     0.999871 -6.89348e-05
1522682236.989513000    -0.848187 -0.529565 0.0118143  -2.16961     0.529669  -0.848162 0.00855324    17.9342   0.0054909 0.0135124  0.999894 0.0162225
1522682237.072736000    -0.853571 -0.520838 0.0120071  -2.26321     0.520948  -0.853539 0.00920446    17.9542    0.00545448   0.0141117    0.999886 -0.00412274
1522682237.154045000    -0.858757 -0.512252 0.0116246  -2.40305     0.512355  -0.858727 0.00896358      17.94   0.00539072  0.0136534   0.999892  0.0315421
1522682237.234364000    -0.864152 -0.503071 0.0126524  -2.47418    0.503203 -0.864094 0.0113318   17.9824   0.00523223  0.0161591   0.999856 0.00455236
1522682237.312019000    -0.869188 -0.494326  0.012397  -2.61295     0.49445 -0.869141 0.0106082   17.9678   0.00553078  0.0153502   0.999867  0.0217668
1522682237.391895000    -0.874341  -0.48512 0.0136401  -2.68694    0.485276 -0.874272  0.012447   18.0103   0.00588691  0.0175021   0.999829 -0.0157701
1522682237.472141000    -0.878923 -0.476783 0.0131491  -2.81674    0.476922 -0.878876  0.011044   17.9953    0.00629089   0.0159779    0.999853 0.000396886
1522682237.551268000    -0.883828 -0.467618 0.0134803  -2.90197    0.467766 -0.883777 0.0114854   18.0295   0.00654285  0.0164568   0.999843 -0.0448023
1522682237.630723000    -0.888183 -0.459302 0.0131689   -3.0361   0.459442 -0.88814 0.010963  18.0003   0.00666046  0.0157875   0.999853 -0.0243998
1522682237.711017000    -0.893072 -0.449749 0.0121565  -3.10791    0.449884 -0.892995 0.0127829   18.0522   0.00510663   0.016885   0.999844 -0.0340324
1522682237.791839000    -0.896911 -0.442031 0.0126162  -3.24933    0.442162 -0.896873 0.0106033    18.022   0.00662817  0.0150886   0.999864 -0.0458632
1522682237.871063000    -0.901391 -0.432849 0.0116392  -3.33023    0.432977 -0.901312 0.0129124   18.0552   0.00490143  0.0166786   0.999849 -0.0404501
1522682237.949367000    -0.905748 -0.423645 0.0120448  -3.44556    0.423765 -0.905716 0.0101261   18.0473   0.00661927  0.0142758   0.999876 -0.0474224
1522682238.031170000    -0.910231 -0.413949 0.0112518  -3.54246    0.414075 -0.910145 0.0133382   18.0621   0.00471942  0.0167999   0.999848 -0.0439127
1522682238.110534000    -0.913057 -0.406924  0.027213  -3.40745     0.407178  -0.913338 0.00433203    18.2859   0.0230919 0.0150359   0.99962 -0.863357
1522682238.189152000    -0.918167 -0.396018   0.01183  -3.75487    0.396154 -0.918092 0.0130179   18.0594   0.00570568  0.0166391   0.999845 -0.0856189
1522682238.267598000    -0.922282  -0.38633 0.0119934  -3.87004    0.386458 -0.922239 0.0111695   18.0548   0.00674571  0.0149364   0.999866 -0.0844086
1522682238.350261000     -0.92644 -0.376297 0.0104845  -3.96203    0.376418 -0.926338 0.0144122   18.0754   0.00428892  0.0172986   0.999841 -0.0688435
1522682238.428621000    -0.930283 -0.366651 0.0118452  -4.08076    0.366785 -0.930222 0.0124942   18.0513   0.00643761  0.0159678   0.999852 -0.0774843
1522682238.506927000    -0.934231 -0.356508 0.0107224  -4.16901     0.35663 -0.934152 0.0132578   18.0798   0.00528982  0.0162097   0.999855 -0.0867937
1522682238.589491000      -0.9376 -0.347514  0.011853  -4.28709    0.347641  -0.93756 0.0112058   18.0483   0.00721877  0.0146271   0.999867  -0.092039
1522682238.666312000     -0.941286  -0.337474 0.00962434   -4.37555    0.337575 -0.941218 0.0122823   18.0613   0.00491366  0.0148101   0.999878 -0.0957939
1522682238.746646000    -0.944665 -0.327851 0.0110224   -4.4964    0.327976 -0.944603 0.0125477   18.0255   0.00629803  0.0154685   0.999861 -0.0980826
1522682238.823012000     -0.948212  -0.317602 0.00477612     -4.584    0.317638 -0.948073 0.0162309   18.0362   -0.000626854    0.0169074     0.999857   -0.0385848
1522682238.905869000     -0.951252  -0.308257 0.00988643     -4.706    0.308369 -0.951175 0.0131906   18.0182   0.00533764  0.0155962   0.999864 -0.0913273
1522682238.982011000     -0.954346  -0.298688 0.00293096   -4.78554    0.298694   -0.9542 0.0168577   18.0304   -0.00223848   0.0169636    0.999854  -0.0191889
1522682239.064449000     -0.957392  -0.288664 0.00858448   -4.92042    0.288757 -0.957317 0.0128165   17.9991   0.00451841  0.0147492   0.999881 -0.0754464
1522682239.142077000    -0.960551  -0.27809 0.0026677  -5.00782    0.278097 -0.960426 0.0156194   17.9986   -0.00178147   0.0157451    0.999874  -0.0226994
1522682239.224408000     -0.963399  -0.267943 0.00831627   -5.13278    0.268028 -0.963338 0.0118522    17.967   0.00483567  0.0136474   0.999895 -0.0802835
1522682239.302813000     -0.966084  -0.258212 0.00303189   -5.20667    0.258228 -0.965967  0.015014   17.9734   -0.000948068    0.0152877     0.999883   -0.0303839
1522682239.381131000     -0.968334  -0.249541 0.00767137   -5.33488    0.249623 -0.968258 0.0128209   17.9344   0.00422853  0.0143298   0.999888 -0.0756383
1522682239.459372000     -0.970878  -0.239562 0.00260799   -5.41802     0.23957  -0.97072 0.0175798   17.9492   -0.00167982   0.0176926    0.999842  -0.0212911
1522682239.541832000     -0.973156  -0.229996 0.00828027   -5.54143    0.230094 -0.973068 0.0139605   17.9094    0.0048464   0.015491   0.999868 -0.0794114
1522682239.621106000     -0.975603  -0.219436 0.00683371    -5.6454     0.21952 -0.975473 0.0162272   17.8997   0.00310528  0.0173314   0.999845 -0.0693884
1522682239.699398000     -0.978781   -0.20363 -0.0228589   -5.60356    0.202614 -0.978427  0.040361   18.0925   -0.0305845   0.034873   0.998924   0.305103
1522682239.781853000     -0.979867  -0.199539 0.00667368   -5.83973    0.199628 -0.979713 0.0176347   17.8748   0.00301948  0.0186119   0.999822  -0.050904
1522682239.862406000    -0.981726 -0.189966 0.0112971  -5.93927    0.190106 -0.981678 0.0129372   17.8481   0.00863245  0.0148484   0.999852  -0.110132
1522682239.943148000    -0.983614 -0.179963 0.0108393  -6.03854    0.180108 -0.983542 0.0143841   17.8384   0.00807228  0.0161006   0.999838  -0.118716
1522682240.023540000    -0.985379 -0.169865 0.0132117   -6.1402    0.170026 -0.985365 0.0121686   17.8108   0.0109513  0.014237  0.999839 -0.141543
1522682240.104277000    -0.987048 -0.160014 0.0114884  -6.23461    0.160166 -0.986993 0.0138421   17.7919   0.00912399  0.0155029   0.999838  -0.123592
1522682240.185276000    -0.988524 -0.150388 0.0142434   -6.3435    0.150548 -0.988543 0.0108896   17.7504   0.0124426 0.0129089  0.999839 -0.157976
1522682240.264437000    -0.990089 -0.139857 0.0128236  -6.44044    0.140019 -0.990067 0.0127482   17.7349   0.0109133 0.0144174  0.999836 -0.143128
1522682240.343856000    -0.991388 -0.130078 0.0151384   -6.5467     0.130223  -0.991444 0.00897046     17.698    0.013842 0.0108646  0.999845 -0.170492
1522682240.422260000    -0.992672 -0.120167 0.0127251  -6.64824    0.120302 -0.992682 0.0104575   17.6794   0.0113754 0.0119118  0.999864 -0.148446
1522682240.502647000      -0.99344  -0.112232 -0.0219327   -6.79127    0.111475 -0.993216  0.033106   17.6797   -0.0254994  0.0304439   0.999211   0.333588
1522682240.581166000    -0.994834 -0.100633  0.013358  -6.85417     0.100745   -0.99488 0.00800783    17.6185    0.0124838 0.00931222   0.999879  -0.166516
1522682240.660071000     -0.995687 -0.0917056  0.0140463   -6.94664    0.0918033  -0.995756 0.00647082    17.5837    0.0133933 0.00773241    0.99988  -0.176694
1522682240.742468000     -0.996568 -0.0816688  0.0134756   -7.05579    0.0817723  -0.996624 0.00731983    17.5549    0.0128323 0.00839663   0.999882  -0.173339
1522682240.821004000     -0.997292 -0.0721207  0.0144262   -7.15127     0.072216   -0.99737 0.00619398    17.5273    0.0139415 0.00721901   0.999877  -0.178249
1522682240.902314000    -0.997899 -0.063226 0.0141588  -7.26306   0.0633315 -0.997967 0.0071331   17.4903     0.013679 0.00801481   0.999874  -0.186271
1522682240.980613000     -0.998459 -0.0532815  0.0155247   -7.35885    0.0533742  -0.998559 0.00561727    17.4616    0.0152031 0.00643723   0.999864  -0.193766
1522682241.063254000     -0.998926 -0.0435336   0.015845   -7.46233    0.0436341  -0.999029 0.00605662    17.4297    0.0155659 0.00674149   0.999856  -0.212616
1522682241.141862000     -0.999304 -0.0340756  0.0152085    -7.5537    0.0341585  -0.999403 0.00522422    17.3988    0.0150214 0.00574009   0.999871  -0.179439
1522682241.224244000     -0.999582 -0.0245198  0.0153079   -7.66461     0.024614  -0.999679 0.00599659    17.3543    0.0151559 0.00637088   0.999865  -0.194701
1522682241.303746000     -0.99976 -0.014838 0.0161224  -7.75071    0.0149229  -0.999875 0.00515708    17.3233    0.0160439 0.00539643   0.999857  -0.193934
1522682241.384650000      -0.999872 -0.00589991   0.0148487     -7.8603   0.00599835   -0.99996 0.00659427    17.2861   0.0148092 0.0066825  0.999868 -0.198029
1522682241.462919000     -0.999879 0.00265908  0.0153489    -7.9517   -0.00256266   -0.999977  0.00629839     17.2526    0.0153653 0.00625829   0.999862  -0.192236
1522682241.541961000    -0.999822  0.011527 0.0149074  -8.06044   -0.0114176  -0.999907 0.00740454    17.2129    0.0149914 0.00723302   0.999861  -0.202085
1522682241.623093000    -0.999659 0.0206324 0.0159921  -8.14884   -0.0205308  -0.999768 0.00648569     17.179    0.0161222 0.00615515   0.999851  -0.198347
1522682241.701414000    -0.999428 0.0300024 0.0156188   -8.2546   -0.0298937  -0.999527 0.00715034    17.1409    0.0158259 0.00667935   0.999852    -0.2115
1522682241.781187000    -0.999107 0.0390967 0.0160307  -8.35228   -0.0389958  -0.999218 0.00655768     17.103    0.0162746 0.00592669    0.99985  -0.201191
1522682241.860330000    -0.998776 0.0471274 0.0150245  -8.45404   -0.0470227  -0.998868 0.00724529    17.0527    0.0153489 0.00652993   0.999861  -0.212813
1522682241.941173000    -0.998296 0.0562545 0.0154808  -8.54541   -0.0561525  -0.998398 0.00694201    17.0202   0.0158465 0.0060609  0.999856 -0.199011
1522682242.020423000    -0.997807 0.0645769  0.014536  -8.65005   -0.0644717  -0.997891 0.00759148    16.9684    0.0149956 0.00663767   0.999865  -0.206173
1522682242.101476000    -0.997163 0.0737943  0.014866  -8.73279   -0.0736846  -0.997251 0.00779574    16.9274    0.0154004 0.00667823   0.999859  -0.202838
1522682242.183035000    -0.996571 0.0817314 0.0128687  -8.84396   -0.0816207  -0.996624 0.00890614     16.874    0.0135531 0.00782525   0.999878  -0.191187
1522682242.259357000    -0.995766  0.090762 0.0145961  -8.92511   -0.0906579  -0.995853 0.00764153    16.8353    0.0152291 0.00628592   0.999864  -0.204523
1522682242.344477000    -0.995032 0.0990186 0.0103609  -9.03254   -0.0989263  -0.995053 0.00906588    16.7762    0.0112074 0.00799587   0.999905  -0.161459
1522682242.421718000    -0.994082  0.108037 0.0113873  -9.12218    -0.107947  -0.994122 0.00829172    16.7302    0.0122161 0.00701343   0.999901  -0.165929
1522682242.504079000     -0.993143   0.116549 0.00909736   -9.22241    -0.116466  -0.993153 0.00911654    16.6814    0.0100976 0.00799449   0.999917  -0.144136
1522682242.581590000     -0.99196  0.125975 0.0120619  -9.30842    -0.125891  -0.992015 0.00754476    16.6336    0.0129161 0.00596562   0.999899  -0.180318
1522682242.660633000    -0.990843   0.13459 0.0107723  -9.40924    -0.134493  -0.990871 0.00927343    16.5853     0.011922 0.00773971   0.999899  -0.164356
1522682242.738825000    -0.989544  0.143777 0.0114423   -9.5006    -0.143686  -0.989587 0.00845787    16.5308    0.0125392 0.00672534   0.999899  -0.167277
1522682242.822235000     -0.988339   0.152026 0.00859349   -9.60167    -0.151946  -0.988345 0.00931383    16.4726   0.00990928 0.00789948    0.99992  -0.149389
1522682242.900323000    -0.986821  0.161416 0.0114024  -9.68797    -0.161339  -0.986872 0.00732812    16.4148    0.0124356 0.00539187   0.999908  -0.185102
1522682242.982616000     -0.985248   0.170871 0.00948212   -9.79361    -0.170816  -0.985282 0.00641241    16.3652    0.0104383 0.00469812   0.999934  -0.173596
1522682243.061017000    -0.983542  0.180279  0.011997  -9.87731     -0.18022  -0.983609 0.00582427    16.3071   0.0128504 0.0035663  0.999911 -0.203704
1522682243.143524000     -0.981948   0.189011 0.00724334   -9.96798    -0.188984  -0.981971 0.00426773    16.2569    0.0079194 0.00282182   0.999965  -0.161932
1522682243.221773000    -0.979981  0.198737 0.0118547  -10.0666    -0.198688  -0.980049 0.00515151    16.1864    0.012642  0.002693  0.999916 -0.206378
1522682243.304055000     -0.978158   0.207669 0.00892388   -10.1584    -0.207632  -0.978195 0.00491134    16.1355   0.00974922 0.00295119   0.999948  -0.187234
1522682243.381615000     -0.976088   0.214831 -0.0331533    -10.306   -0.215469 -0.976362 0.0170281   16.0852   -0.0287115  0.0237644   0.999305  0.0701625
1522682243.461884000     -0.974062   0.226266 0.00277003    -10.334    -0.226244  -0.974048 0.00662048    16.0125   0.00419614 0.00582205   0.999974   -0.13099
1522682243.540251000     -0.971766   0.235824 0.00765605   -10.4268    -0.235791  -0.971791 0.00495749    15.9431   0.00860918 0.00301229   0.999958  -0.186685
1522682243.621990000      -0.969492    0.245121 -1.0403e-05    -10.5146    -0.245116   -0.96947 0.00685702    15.8903   0.00167072 0.00665037   0.999977  -0.105082
1522682243.700335000     -0.967085   0.254397 0.00540152   -10.5992    -0.254367  -0.967091 0.00564712    15.8216   0.00666037 0.00408728   0.999969  -0.164815
1522682243.780779000      -0.964581     0.26378 -0.00186411    -10.6798    -0.263786  -0.964558 0.00667247    15.7692   -3.79756e-05   0.00692787     0.999976   -0.0865607
1522682243.860851000     -0.961719   0.274028 0.00224534   -10.7741    -0.274011  -0.961709 0.00585566    15.6925   0.00376397 0.00501626    0.99998  -0.131661
1522682243.943380000      -0.958855    0.283888 -0.00205651    -10.8659    -0.283895   -0.95884 0.00542938    15.6456   -0.000430527   0.00578982     0.999983   -0.0993752
1522682244.021098000       -0.956254     0.292537 -0.000844804     -10.9418    -0.292538  -0.956239 0.00538767    15.5569   0.000768259  0.00539911    0.999985  -0.0990906
1522682244.101819000      -0.953151    0.302483 -0.00263944    -11.0478   -0.302494  -0.95313 0.0063785   15.5095   -0.000586345   0.00687809     0.999976    -0.108696
1522682244.181066000      -0.950045    0.312104 -0.00258311    -11.1214    -0.312113  -0.950032 0.00497782    15.4343   -0.000900443   0.00553537     0.999984   -0.0936992
1522682244.264805000      -0.947401    0.320031 -0.00332298     -11.214    -0.320046  -0.947379 0.00659711    15.3471   -0.00103685  0.00731362    0.999973   -0.134393
1522682244.341718000      -0.943948     0.33008 -0.00299629    -11.2976    -0.330092  -0.943935 0.00515352    15.2805   -0.00112723  0.00585371    0.999982   -0.104648
1522682244.423382000      -0.941061    0.338204 -0.00463285    -11.3881    -0.338227  -0.941049 0.00544006    15.2124   -0.00251988  0.00668638    0.999974   -0.127121
1522682244.503651000      -0.937612    0.347671 -0.00282105    -11.4694    -0.347681  -0.937601 0.00472605    15.1263   -0.00100191  0.00541203    0.999985   -0.114416
1522682244.583558000       -0.93457    0.355757 -0.00402822    -11.5641    -0.355775  -0.934557 0.00520786    15.0526   -0.00191187  0.00630025    0.999978   -0.139313
1522682244.662739000      -0.930861    0.365365 -0.00239762    -11.6422    -0.365372  -0.930849 0.00481355     14.972   -0.000473123   0.00535677     0.999986    -0.121584
1522682244.743070000      -0.927529    0.373728 -0.00404753     -11.734    -0.373745  -0.927518 0.00501522    14.9028   -0.00187983  0.00616451    0.999979   -0.139477
1522682244.823890000     -0.923518   0.383545 -0.0028421   -11.8114   -0.383555 -0.923506 0.0047661   14.8313   -0.000796677   0.00549168     0.999985    -0.131757
1522682244.905646000      -0.920468    0.390798 -0.00389662    -11.9109   -0.390814 -0.920457 0.0048841     14.76   -0.00167797  0.00601851    0.999981   -0.154384
1522682244.983904000      -0.916773    0.399398 -0.00273982    -11.9677    -0.399407  -0.916762 0.00462425    14.6572   -0.000664845   0.00533369     0.999986    -0.138153
1522682245.067162000      -0.912874    0.408216 -0.00450458    -12.0608    -0.408236  -0.912861 0.00525124    14.5982   -0.00196842  0.00663266    0.999976   -0.145079
1522682245.143051000      -0.909016    0.416752 -0.00293651    -12.1328    -0.416761  -0.909003 0.00477158    14.5036   -0.000680733   0.00556127     0.999984    -0.133684
1522682245.225369000      -0.905216    0.424934 -0.00391086    -12.2147    -0.424951  -0.905197 0.00591333    14.4362   -0.00102732  0.00701476    0.999975   -0.144043
1522682245.304766000      -0.901167    0.433462 -0.00291744    -12.2799    -0.433472   -0.90115 0.00553403     14.342   -0.000230257   0.00625171      0.99998     -0.13018
1522682245.385503000      -0.897175    0.441662 -0.00330776    -12.3721    -0.441674  -0.897149 0.00689497    14.2735   7.76951e-05  0.00764695    0.999971   -0.153472
1522682245.463693000      -0.892637    0.450769 -0.00248066    -12.4422    -0.450775  -0.892615 0.00634369    14.1883   0.000645268  0.00678083    0.999977   -0.142982
1522682245.545151000      -0.888821    0.458254 0.000855901    -12.4243    -0.458227  -0.888785 0.00938793    14.0954   0.00506277 0.00795199   0.999956 -0.0608448
1522682245.622900000      -0.883968    0.467543 -0.00189653    -12.5881    -0.467545  -0.883944 0.00669941    14.0289   0.00145584 0.00680878   0.999976  -0.153719
1522682245.703200000      -0.879919    0.475106 -0.00421308    -12.6737    -0.475124  -0.879898 0.00601237    13.9519   -0.000850565   0.00729213     0.999973    -0.127864
1522682245.783343000     -0.874934   0.484234 -0.0027813   -12.7341    -0.484242   -0.87491 0.00645121    13.8591   0.00069051 0.00699121   0.999975  -0.137086
1522682245.864646000      -0.870905    0.491429 -0.00475161    -12.8166     -0.49145  -0.870885 0.00594889    13.7723   -0.00121465   0.0075161    0.999971   -0.120983
1522682245.942994000      -0.865539     0.50084 -0.00134912    -12.8907    -0.500838  -0.865519 0.00622355    13.6959   0.00194931 0.00606241    0.99998  -0.154932
1522682246.024181000     -0.861675   0.507449 -0.0035099   -12.9603    -0.507461  -0.861653 0.00617385    13.6039   0.000108597  0.00710099    0.999975   -0.136658
1522682246.104089000      -0.855847    0.517225 -0.00201479    -13.0338    -0.517228  -0.855833 0.00499761    13.5277   0.000860569   0.0053193    0.999985   -0.132411
1522682246.186244000      -0.851705    0.524011 -0.00320308    -13.0914    -0.524021  -0.851688 0.00537495    13.4306   8.85101e-05  0.00625635     0.99998   -0.137582
1522682246.261458000     -0.855827   0.516491 -0.0282397   -13.1916     -0.516651   -0.856194 -0.00188022     13.3022   -0.0251498  0.0129809   0.999599  0.0182673
1522682246.343004000      -0.841576    0.540131 -0.00285007    -13.2286    -0.540138  -0.841561 0.00506183    13.2579   0.000335542  0.00579935    0.999983   -0.142785
1522682246.419095000      -0.835765    0.549084 -0.00199327    -13.2906    -0.549087  -0.835755 0.00424684    13.1654   0.000665991  0.00464384    0.999989   -0.127921
1522682246.503692000     -0.830765   0.556615 -0.0028689   -13.3615    -0.556622  -0.830747 0.00564133    13.0838   0.000756727  0.00628352     0.99998   -0.142866
1522682246.580753000      -0.824364    0.566058 -0.00113973    -13.4247    -0.566056   -0.82435 0.00521052    12.9925   0.00200993 0.00494052   0.999986  -0.139773
1522682246.665012000      -0.819955    0.572422 -0.00253968    -13.4858    -0.572426  -0.819934 0.00599149    12.8938   0.00134729 0.00636654   0.999979  -0.153698
1522682246.743462000      -0.813057    0.582181 -0.00202736    -13.5501    -0.582183  -0.813043 0.00480163    12.7997   0.00114709  0.0050843   0.999986  -0.131372
1522682246.823988000      -0.808322    0.588732 -0.00317603    -13.6092     -0.58874  -0.808302 0.00580606    12.7101   0.000851019  0.00656302    0.999978   -0.145171
1522682246.904139000      -0.801064    0.598577 -0.00136813    -13.6697    -0.598573  -0.801047 0.00586044    12.6111   0.00241198 0.00551352   0.999982  -0.154145
1522682246.984466000      -0.796379    0.604786 -0.00379508    -13.7258    -0.604798   -0.79636 0.00541619      12.52   0.000253393   0.0066086    0.999978   -0.138163
1522682247.060938000      -0.789155    0.614191 -0.00189408    -13.7863     -0.61419  -0.789134 0.00618563    12.4293   0.00230448 0.00604475   0.999979  -0.152517
1522682247.142662000     -0.784215   0.620473 -0.0045644    -13.841   -0.620489 -0.784199 0.0050766   12.3228   -0.000429502   0.00681331     0.999977    -0.131931
1522682247.220968000      -0.777017    0.629471 -0.00332507    -13.9016    -0.629479  -0.776997 0.00557456    12.2272   0.000925453  0.00642458    0.999979    -0.14298
1522682247.305035000     -0.772103    0.63548 -0.0048036   -13.9561    -0.635497   -0.77209 0.00447006    12.1278   -0.000868178   0.00650402     0.999978    -0.132584
1522682247.382494000      -0.764968    0.644059 -0.00341304    -14.0088    -0.644068  -0.764953 0.00478874     12.026   0.000473417  0.00586147    0.999983   -0.141416
1522682247.462901000      -0.759625    0.650353 -0.00318187    -14.0603     -0.65036  -0.759607 0.00547528     11.928    0.0011439 0.00622853    0.99998  -0.158347
1522682247.543315000       -0.75206    0.659091 -0.00224122    -14.1016    -0.659091  -0.752041 0.00577174    11.8351   0.00211861 0.00581786   0.999981  -0.160947
1522682247.622081000      -0.746855    0.664975 -0.00389017    -14.1526    -0.664986  -0.746837 0.00523262    11.7323   0.000574242  0.00649492    0.999979    -0.15229
1522682247.702625000      -0.739935    0.672676 -0.00205096    -14.1901    -0.672675  -0.739917 0.00560533    11.6245   0.00225303 0.00552721   0.999982  -0.167687
1522682247.783033000      -0.734396     0.67871 -0.00389081    -14.2361    -0.678721  -0.734383 0.00434387    11.5342   9.08824e-05   0.0058309    0.999983   -0.148153
1522682247.862877000      -0.726077     0.68761 -0.00208816    -14.2878    -0.687611  -0.726062 0.00502717    11.4348   0.00194061 0.00508595   0.999985  -0.159696
1522682247.943423000      -0.718975    0.695028 -0.00333799    -14.3374    -0.695036   -0.71896 0.00465109    11.3431   0.000832757  0.00566403    0.999984   -0.155376
1522682248.021120000      -0.710714    0.703479 -0.00173608    -14.3669    -0.703477  -0.710698 0.00538742    11.2226   0.00255611  0.0050502   0.999984  -0.164926
1522682248.102821000      -0.704746    0.709457 -0.00224599    -14.3958    -0.709458  -0.704732 0.00474003    11.1228   0.00178002 0.00493396   0.999986  -0.164269
1522682248.179634000      -0.696098    0.717945 -0.00134006    -14.4276    -0.717941  -0.696085 0.00508583    11.0076   0.00271855 0.00450232   0.999986  -0.163154
1522682248.260298000      -0.690205    0.723609 -0.00263059    -14.4565    -0.723613  -0.690192 0.00454316    10.9043   0.00147186 0.00503924   0.999986  -0.158902
1522682248.340325000      -0.680495    0.732751 -0.00147525    -14.4988    -0.732748  -0.680483 0.00485266    10.8088   0.00255191  0.0043832   0.999987  -0.161493
1522682248.422803000      -0.672566    0.740029 -0.00329227    -14.5355    -0.740036  -0.672556 0.00380727    10.7132   0.000603253  0.00499704    0.999987   -0.147165
1522682248.501215000      -0.662528    0.749028 -0.00358834    -14.5676    -0.749037   -0.66252 0.00320852    10.5987   2.59255e-05  0.00481354    0.999988   -0.132703
1522682248.582153000       -0.65554    0.755147 -0.00450104    -14.5907    -0.755159  -0.655537 0.00245414     10.492   -0.00109737  0.00500779    0.999987   -0.125042
1522682248.660658000      -0.646184    0.763165 -0.00507344    -14.6217     -0.76318  -0.646181 0.00236452     10.378   -0.00147384  0.00539986    0.999984    -0.11101
1522682248.743908000        -0.6367    0.771086 -0.00619106    -14.6503    -0.771109  -0.636697 0.00270545    10.2913   -0.00185569  0.00649654    0.999977   -0.115717
1522682248.823574000      -0.624983    0.780626 -0.00452913    -14.6809    -0.780638  -0.624981 0.00200952    10.1761   -0.00126194  0.00479153    0.999988   -0.112419
1522682248.904054000      -0.617215    0.786775 -0.00554523    -14.7106    -0.786793  -0.617212 0.00257076    10.0759   -0.00139997  0.00594966    0.999981   -0.118686
1522682248.982470000      -0.605418    0.795897 -0.00404777    -14.7313    -0.795908  -0.605411 0.00298631    9.96754   -7.37633e-05   0.00502962     0.999987     -0.12429
1522682249.061643000      -0.597881    0.801554 -0.00698821    -14.7563    -0.801581  -0.597881 0.00230041    9.86261   -0.00233422  0.00697699    0.999973   -0.112808
1522682249.140149000      -0.587734    0.809035 -0.00554717    -14.7545   -0.809054 -0.587726 0.0032445   9.74195   -0.000635303   0.00639486     0.999979    -0.112916
1522682249.220508000      -0.577664    0.816238 -0.00766839    -14.7753   -0.816267 -0.577674 0.0011748   9.64856   -0.00347091   0.0069381     0.99997  -0.0940077
1522682249.301377000      -0.591777     0.80607 -0.00710234    -15.2118   -0.806066 -0.591645 0.0146241    9.8817   0.00758598  0.0143792   0.999868  -0.424775
1522682249.382815000     -0.558148   0.829665 -0.0112306   -14.8205     -0.829708   -0.558196 -0.00142169     9.43842   -0.00744838  0.00852457    0.999936  -0.0486892
1522682249.461145000      -0.546735    0.837262 -0.00856987    -14.8246      -0.8373  -0.546741 0.00190249    9.31266   -0.00309261  0.00821571    0.999961  -0.0860951
1522682249.541385000     -0.537348   0.843232 -0.0147028   -14.8287     -0.843293   -0.537444 -0.00329515     9.21665   -0.0106805  0.0106281   0.999887 -0.0054592
1522682249.621016000     -0.524829   0.851141 -0.0106159    -14.835     -0.851189   -0.524859 -7.3752e-05     9.09728   -0.00563465  0.00899746    0.999944  -0.0563362
1522682249.703601000      -0.51478   0.857227 -0.0127675   -14.8423     -0.857273   -0.514853 -0.00306303     9.00134   -0.00919912  0.00936847    0.999914  -0.0254614
1522682249.779881000     -0.502366   0.864579 -0.0114801   -14.8471     -0.864624   -0.502416 -0.00179844     8.88372   -0.00732268  0.00902251    0.999932  -0.0376553
1522682249.861828000     -0.492123   0.870423 -0.0133406    -14.842     -0.870468   -0.492209 -0.00401469     8.77707   -0.0100609 0.00963688   0.999903 -0.0253814
1522682249.939786000     -0.480051   0.877155 -0.0123056   -14.8502     -0.877197   -0.480119 -0.00325083     8.65588   -0.00875966  0.00923391    0.999919  -0.0331143
1522682250.022743000      -0.46878   0.883181 -0.0153963   -14.8349     -0.883238   -0.468897 -0.00499291     8.55554   -0.0116289   0.011258   0.999869 -0.0221681
1522682250.101320000     -0.455551   0.890098 -0.0141304   -14.8397     -0.890154   -0.455643 -0.00397334     8.43506   -0.00997506   0.0107681    0.999892  -0.0213303
1522682250.181800000     -0.444494   0.895618 -0.0171227   -14.8366    -0.895695  -0.444636 -0.0054333    8.33976    -0.0124795   0.0129217    0.999839 -0.00426857
1522682250.264733000     -0.429644   0.902667 -0.0244725   -14.7528    -0.902725  -0.430023 -0.0129597    8.21184   -0.022222 0.0165239  0.999616  0.109477
1522682250.344051000     -0.419526   0.907515 -0.0203606   -14.8151     -0.907618   -0.419735 -0.00716636     8.11877   -0.0150496  0.0154732   0.999767  0.0219225
1522682250.421757000     -0.406848   0.913285 -0.0196376   -14.7882     -0.913375    -0.40705 -0.00752242     7.99773   -0.0148636   0.014876   0.999779  0.0309312
1522682250.504235000     -0.393521   0.919015 -0.0235031   -14.7803    -0.919127   -0.39383 -0.0101966    7.90063   -0.0186271  0.0175898   0.999672  0.0577171
1522682250.584102000     -0.380257   0.924619 -0.0220249   -14.7567     -0.924729   -0.380518 -0.00908191     7.77862   -0.0167782  0.0169136   0.999716  0.0518523
1522682250.662701000     -0.367731   0.929592 -0.0251508   -14.7418    -0.929728  -0.368082 -0.0109763    7.68612   -0.019461 0.0193471  0.999623 0.0648387
1522682250.745260000     -0.353405   0.935171 -0.0236537   -14.7141      -0.9353  -0.353711 -0.0101442     7.5663   -0.0178531  0.0185383   0.999669   0.068009
1522682250.825474000     -0.340731   0.939824 -0.0251551   -14.6996    -0.939963  -0.341086 -0.0113857    7.47251   -0.0192806  0.0197654   0.999619  0.0707265
1522682250.902847000     -0.324782   0.944817 -0.0428549   -14.5375    -0.944934  -0.326081 -0.0277608     7.3504   -0.040203 0.0314788  0.998696  0.267046
1522682250.983705000     -0.313204   0.949355 -0.0250643   -14.6478    -0.949467  -0.313589 -0.0131689     7.2611   -0.0203619  0.0196731   0.999599  0.0806206
1522682251.062660000     -0.298625   0.954133 -0.0212765   -14.6192     -0.954246   -0.298872 -0.00947166      7.1538   -0.0153962  0.0174746   0.999729   0.052274
1522682251.145376000     -0.285129   0.958166 -0.0248728   -14.5923    -0.958282  -0.285511 -0.0133819    7.05858   -0.0199235  0.0200196   0.999601  0.0812733
1522682251.225780000      -0.27079    0.96239 -0.0218534   -14.5604    -0.962511  -0.271053 -0.0101004    6.94329   -0.0156439  0.0182991    0.99971  0.0623675
1522682251.306890000     -0.256711   0.966181 -0.0243813   -14.5316    -0.966301  -0.257076 -0.0132094     6.8509   -0.0190305  0.0201687   0.999615  0.0795137
1522682251.387786000     -0.242441   0.969899 -0.0227731   -14.4901    -0.970017  -0.242749 -0.0118509    6.73693   -0.0170223  0.0192172    0.99967   0.081043
1522682251.466161000     -0.227809   0.973378 -0.0252457   -14.4556    -0.973526  -0.228189 -0.0133233    6.63855   -0.0187294  0.0215422   0.999592    0.08397
1522682251.551754000     -0.213496   0.976643 -0.0242302    -14.403    -0.976799  -0.213826 -0.0119088    6.53146   -0.0168117  0.0211256   0.999635  0.0938776
1522682251.627674000     -0.198794   0.979727 -0.0247976   -14.3801    -0.979887  -0.199148 -0.0127224    6.43817   -0.0174029  0.0217697   0.999611  0.0705006
1522682251.708079000     -0.183687   0.982673 -0.0247749   -14.3192    -0.982832  -0.184044 -0.0129797    6.32531   -0.0173145  0.0219654   0.999609  0.0930073
1522682251.789384000     -0.168953   0.985342 -0.0235589   -14.3074    -0.985487   -0.16928 -0.0126508     6.2377   -0.0164534  0.0210796   0.999642  0.0562998
1522682251.871930000     -0.154878   0.987673 -0.0226851   -14.2309    -0.987816  -0.155174 -0.0118899     6.1211   -0.0152635  0.0205672   0.999672  0.0734706
1522682251.948476000     -0.143845   0.989178 -0.0288964   -14.2155    -0.989448  -0.144274 -0.0133496    6.05075   -0.0173742  0.0266713   0.999493   0.240347
1522682252.031811000     -0.144673   0.987446 -0.0633488   -14.1185     -0.98844  -0.147152 -0.0363733    6.03662   -0.0452388  0.0573546   0.997322   0.411123
1522682252.112574000     -0.109394   0.993702 -0.0242748   -14.0899    -0.993871  -0.109739 -0.0133446     5.8394   -0.0159244  0.0226662   0.999616  0.0788859
1522682252.190957000    -0.0700095    0.99642  0.0475305    -14.181    -0.996802 -0.0717314  0.0355021    5.63336    0.0387844 -0.0448925   0.998252  -0.412121
1522682252.269567000    -0.0267427   0.992783   0.117025   -14.2984    -0.995554 -0.0370566  0.0868375    5.39992   0.0905463  -0.11418  0.989351 -0.884951
1522682252.349467000    0.0494496  0.974425  0.219202  -14.9355   -0.985984 0.0126114  0.166365   4.87459    0.159346 -0.224357  0.961391  -1.78354
1522682252.429272000    0.0552182  0.975458  0.213151  -14.7885   -0.987419  0.021669  0.156632   4.76551    0.148169 -0.219119  0.964382  -1.82139
1522682252.510561000    0.0740351  0.974183  0.213273   -14.744   -0.986351 0.0399919  0.159725   4.66777    0.147072 -0.222188  0.963848  -1.84834
1522682252.592699000     0.11705 0.960322 0.253056 -15.3489   -0.977506 0.0664451  0.200013   4.38211    0.175266 -0.270784   0.94651  -2.25512
1522682252.668610000     0.10169 0.971296  0.21504 -14.6558   -0.984655 0.0674566  0.160944   4.50519    0.141819 -0.228107  0.963252  -1.88444
1522682252.751149000    0.0475796  0.993181  0.106434  -13.4491   -0.997915 0.0426111   0.04848   4.72888   0.0436142 -0.108518  0.993137 -0.623164
1522682252.827680000    0.0540743  0.994108 0.0939383  -13.5713   -0.998214 0.0514228 0.0304234   4.63569    0.0254136 -0.0954156   0.995113  -0.438976
1522682252.909180000     0.0469719   0.998646 -0.0223421   -13.5083    -0.998813  0.0466677 -0.0139475    4.90425   -0.0128859  0.0229707   0.999653  0.0498144
1522682252.991719000    0.0364961  0.994299 -0.100186  -13.3752   -0.998958 0.0335506  -0.03093   5.15842   -0.0273924    0.10121   0.994488   0.160191
1522682253.067211000     0.0763131   0.996736 -0.0263202   -13.3855    -0.996978  0.0758943 -0.0165639    4.73073   -0.0145123  0.0275047   0.999516   0.104973
1522682253.146631000     0.0915933   0.995457 -0.0260185   -13.3139    -0.995708  0.0912052 -0.0157325    4.65961   -0.013288 0.0273478  0.999538  0.127196
1522682253.227046000      0.10785  0.993842 -0.025409  -13.2859    -0.994044   0.107399 -0.0184643    4.57984   -0.0156217  0.0272491   0.999507   0.130548
1522682253.308608000      0.121282   0.992287 -0.0256233   -13.1871    -0.992493   0.120816 -0.0190036    4.49485   -0.0157613  0.0277357   0.999491   0.175917
1522682253.389195000      0.135711    0.99044 -0.0247009   -13.1784   -0.990628  0.135264 -0.018987   4.43273   -0.0154644  0.0270462   0.999515   0.148715
1522682253.468461000       0.172164    0.985036 -0.00801818    -13.2073    -0.983891   0.171555 -0.0502821    4.04728   -0.0481541  0.0165458   0.998703   0.622111
1522682253.552488000      0.166915   0.985701 -0.0231059   -13.0253    -0.985808   0.166414 -0.0221297    4.25576   -0.0179681  0.0264718   0.999488   0.211554
1522682253.630455000      0.181304   0.983144 -0.0236162   -12.9489    -0.983248   0.180761 -0.0234222    4.19204   -0.0187585  0.0274671   0.999447   0.271979
1522682253.710805000    0.195531 0.980419 -0.02338 -12.9065    -0.980496   0.194951 -0.0249387    4.11079   -0.0198924  0.0278003   0.999416   0.266116
1522682253.790749000      0.209352   0.977559 -0.0234469   -12.8153    -0.977648   0.208775 -0.0248492    4.02698   -0.0193964  0.0281251   0.999416   0.299919
1522682253.872076000      0.225012   0.974078 -0.0232818    -12.763    -0.974179   0.224452 -0.0244071    3.93336   -0.0185488  0.0281725   0.999431   0.248634
1522682253.948317000      0.239517    0.97061 -0.0234143   -12.6522    -0.970666   0.238871 -0.0273696    3.86176   -0.0209722  0.0292829   0.999351   0.328006
1522682254.030798000       0.25463   0.966779 -0.0223983   -12.5954    -0.966864   0.254076 -0.0248826    3.77636   -0.0183651   0.027992   0.999439   0.252444
1522682254.112381000      0.267441   0.963328 -0.0217823   -12.5075    -0.963373   0.266855 -0.0264783     3.7263   -0.0196946  0.0280658   0.999412   0.309284
1522682254.192960000      0.283809   0.958681 -0.0195673   -12.4508    -0.958706   0.283308 -0.0249023    3.63518   -0.0183298  0.0258268   0.999498   0.253412
1522682254.267924000      0.296993   0.954653 -0.0208135   -12.3395    -0.954668   0.296398 -0.0275156    3.56897   -0.0200987   0.028042   0.999405   0.316856
1522682254.352547000      0.311851   0.949931 -0.0194964   -12.2788    -0.949989   0.311384 -0.0236857    3.48345   -0.0164289  0.0259078   0.999529   0.220434
1522682254.431398000     0.324346  0.945732 -0.019759   -12.185     -0.94575   0.323794 -0.0267225    3.42882   -0.0188744  0.0273544   0.999448   0.298252
1522682254.516630000       0.33843   0.940845 -0.0166127   -12.1162    -0.940889    0.33808 -0.0207128    3.34532   -0.0138711  0.0226406   0.999647   0.161641
1522682254.593022000      0.349242   0.936808 -0.0182106   -12.3005     -0.9362  0.349687 0.0336473   3.29815    0.0378895 0.00529798    0.99919   -1.06056
1522682254.673446000       0.357096    0.934068 0.000540344    -12.6409   -0.933609  0.356903 0.0315296   3.53366    0.0292579 -0.0117636   0.999503  -0.957948
1522682254.751917000     0.377782  0.925728 -0.017584  -11.8613    -0.925765   0.377343 -0.0239182    3.15874   -0.0155066  0.0253145   0.999559   0.245747
1522682254.833189000      0.391561   0.920018 -0.0156966    -11.791    -0.920084   0.391267 -0.0188718    3.08053   -0.0112208  0.0218317   0.999699   0.129196
1522682254.910381000      0.404115   0.914564 -0.0162565   -11.6982    -0.914599   0.403729 -0.0226069    3.01645   -0.0141123  0.0240039   0.999612   0.219226
1522682254.990975000        0.4164   0.909089 -0.0129757   -11.6065    -0.909132   0.416184 -0.0164433    2.94066   -0.00954814   0.0186436    0.999781   0.0833779
1522682255.067301000      0.427775   0.903802 -0.0123051   -11.5153    -0.903811   0.427526 -0.0186342    2.89632   -0.0115808  0.0190928   0.999751   0.152998
1522682255.150335000      0.440705   0.897575 -0.0117523   -11.4239    -0.897598   0.440496 -0.0167733    2.80724   -0.00987841   0.0179409     0.99979   0.0963693
1522682255.232706000     0.431985  0.901394 0.0325433  -12.3064    -0.901944   0.432108 0.00282793    3.27728   -0.0115101 -0.0305703   0.999622  -0.245854
1522682255.313157000    0.439732 0.896254 0.058007  -13.439     -0.897679    0.440639 -0.00321069     3.84466   -0.0284377 -0.0506598   0.998311  -0.168135
1522682255.391301000      0.45643  0.888678 0.0395002  -13.6876    -0.888411    0.45765 -0.0287679    3.92545   -0.0436541 -0.0219666   0.998493   0.219374
1522682255.473658000       0.490777    0.871259 -0.00677819    -13.8704    -0.871218   0.490627 -0.0162963    3.89041   -0.0108728  0.0139031   0.999844  0.0539794
1522682255.551309000      0.506797   0.861749 -0.0357767   -13.7781   -0.861854  0.507586 0.0215745   3.76996   0.0367484 0.0198889  0.999751  -0.48968
1522682255.632263000       0.514841    0.857264 -0.00604426    -13.4956    -0.857215   0.514696 -0.0164669    3.66484   -0.0110055   0.013659   0.999846  0.0750119
1522682255.710673000      0.526143   0.850364 -0.0074066   -13.4257    -0.850288   0.525918 -0.0205218    3.64806   -0.0135557  0.0170952   0.999762    0.16941
1522682255.793373000       0.536887    0.843626 -0.00682793    -13.3252    -0.843547   0.536672 -0.0203077    3.56426   -0.0134677  0.0166626    0.99977   0.164506
1522682255.872760000       0.548406    0.836185 -0.00676632    -13.2508      -0.8361   0.548182 -0.0208267    3.53458   -0.0137058  0.0170788    0.99976   0.187432
1522682255.953146000       0.558728    0.829334 -0.00530065    -13.1464    -0.82923  0.558526 -0.020648   3.44691   -0.0141635  0.0159321   0.999773   0.176472
1522682256.031574000       0.568534    0.822639 -0.00587283    -13.0652    -0.822528     0.5683 -0.0219745      3.424   -0.0147395  0.0173238   0.999741   0.203227
1522682256.112272000       0.578904    0.815378 -0.00538076    -12.9841    -0.815284   0.578702 -0.0204182    3.33648   -0.0135347   0.016207   0.999777   0.163613
1522682256.193794000       0.588907    0.808176 -0.00622253    -12.8874   -0.808091  0.588684 -0.020989    3.3086   -0.0132997   0.017389    0.99976   0.184686
1522682256.271713000      0.605334   0.793449 -0.0742809   -13.0317   -0.793284  0.608811 0.0426319   3.45133    0.079014 0.0330805  0.997577 -0.669384
1522682256.350115000     0.588379  0.800007 -0.117467  -12.6865   -0.801368  0.596308 0.0471816   3.47796    0.107792 0.0663733  0.991955 -0.808439
1522682256.433492000      0.584987   0.808741 -0.0610605   -12.6305    -0.810875   0.584735 -0.0237908    3.41163   0.0164637 0.0634298  0.997851 0.0713321
1522682256.512725000    0.609446  0.79424 -0.02792 -13.0175    -0.795233   0.608171 -0.0357239    3.45124   -0.0113459  0.0438772    1.00147   0.250757
1522682256.591750000      0.635315   0.772223 -0.0068476   -12.4152    -0.772174   0.635099 -0.0198955    3.03541   -0.0110148  0.0179275   0.999779   0.143372
1522682256.670479000       0.644621    0.764476 -0.00625717    -12.3165    -0.764416   0.644404 -0.0203125    3.01063   -0.0114963   0.017877   0.999774   0.184028
1522682256.751545000      0.651209   0.762885 0.00721528   -13.2068   -0.762999  0.650088 -0.047433   3.41565   -0.0407059   0.025263    1.00385   0.523481
1522682256.829493000       0.669149    0.743128 0.000771119    -13.9113    -0.742958   0.669016 -0.0207622    3.69193   -0.0159449  0.0133201   0.999784    0.18846
1522682256.910156000       0.678765    0.734353 -0.00176206    -13.7473    -0.734231   0.678605 -0.0199939    3.56538   -0.0134869   0.014865   0.999799   0.141284
1522682256.988817000     0.677201  0.743965 0.0165549  -13.7741    -0.743659   0.675061 -0.0728412    3.55323   -0.0649029  0.0366897    1.00725   0.782074
1522682257.068012000        0.693244     0.720703 -0.000390124     -13.5183    -0.720577   0.693112 -0.0191031    3.47854   -0.0134973  0.0135242   0.999817   0.123285
1522682257.149575000      0.711998   0.701337 -0.0344351   -13.3841      -0.701757     0.712416 -0.000174506      3.32141   0.0244097 0.0242893  0.999407  -0.15006
1522682257.229915000      0.698341   0.715293 -0.0259997   -13.3443    -0.715092   0.695647 -0.0686938    3.43725   -0.0310496  0.0665638   0.997299   0.662827
1522682257.308754000      0.680028   0.716074 -0.0206413   -13.1229     -0.71141   0.681121 -0.0511259    3.63535   -0.0230161  0.0503317   0.978716      0.473
1522682257.387834000       0.722447    0.691425 -0.00103995    -13.1213    -0.691283   0.722266 -0.0214521    3.37039   -0.0140814  0.0162169   0.999769   0.172945
1522682257.468157000        0.730669     0.682731 -0.000971047     -13.0012    -0.682602   0.730502 -0.0205142    3.33715   -0.0132963  0.0156519   0.999789   0.175503
1522682257.547984000       0.737293    0.675573 -0.00027272    -12.9209    -0.675428   0.737125 -0.0210675    3.27281   -0.0140316  0.0157171   0.999778   0.155387
1522682257.624777000       0.743848    0.668349 -0.00032102    -12.8107    -0.66822  0.743694 -0.020062   3.25071   -0.0131697  0.0151376   0.999799   0.154374
1522682257.706169000      0.751398   0.659847 0.00170201   -12.7248    -0.659664   0.751246 -0.0217373    3.16202   -0.0156219  0.0152106   0.999762   0.177711
1522682257.785894000      0.758683   0.651459 0.00147084   -12.5988    -0.651303   0.758547 -0.0202602    3.14774   -0.0143144  0.0144131   0.999794   0.161847
1522682257.864167000      0.765106   0.643901 0.00206079   -12.4939    -0.643725   0.764965 -0.0211531    3.07326   -0.0151969  0.0148578   0.999774   0.169223
1522682257.944776000      0.770511    0.63742 0.00283778   -12.3919    -0.637252   0.770396 -0.0200082    3.08952   -0.0149399  0.0136082   0.999796   0.173342
1522682258.024902000      0.776227   0.630449 0.00232574   -12.2749    -0.630284     0.7761 -0.0202729    3.01563   -0.014586 0.0142705  0.999792  0.152244
1522682258.104429000      0.782803   0.622264 0.00253591   -12.1873    -0.622099   0.782678 -0.0201704    3.01096   -0.0145361  0.0142119   0.999793   0.165221
1522682258.184822000      0.789451   0.613811 0.00190495   -12.0706    -0.613642     0.7893 -0.0212111    2.90823   -0.0145232  0.0155762   0.999773   0.144822
1522682258.264550000     0.794172   0.60769 0.0019419  -11.9854    -0.607537   0.794036 -0.0201681    2.95035   -0.0137979  0.0148372   0.999795   0.143825
1522682258.342993000       0.800481    0.599359 0.000130424      -11.86    -0.599196   0.800268 -0.0231307    2.84508   -0.013968 0.0184375  0.999732  0.124899
1522682258.422874000      0.806099   0.591776 0.00222848   -11.7753    -0.591621   0.805963 -0.0202153    2.85327   -0.013759 0.0149772  0.999793  0.147224
1522682258.501903000       0.812101    0.583517 0.000161823    -11.6485     -0.58337   0.811902 -0.0222244    2.77628   -0.0130997  0.0179541   0.999753   0.112745
1522682258.584695000      0.817535   0.575871 0.00283758   -11.5558    -0.575715   0.817411 -0.0197622    2.78148     -0.0137 0.0145227  0.999801  0.135617
1522682258.664028000        0.823123     0.567863 -0.000463422     -11.4337     -0.56774   0.822926 -0.0215691    2.71264   -0.0118669  0.0180171   0.999767  0.0784592
1522682258.742851000      0.854731   0.519043 0.00538735    -11.431    -0.518715   0.854484 -0.0281488    1.82496    -0.0192139   0.0212652    0.999589 -0.00414814
1522682258.820826000        0.833415     0.552647 -5.21301e-05     -11.2245    -0.552524   0.833229 -0.0211406    2.63986   -0.0116399  0.0176477   0.999777  0.0521128
1522682258.901484000      0.837338    0.54668 0.00257031   -11.1302    -0.546525   0.837196 -0.0203343    2.67385   -0.0132682  0.0156219    0.99979   0.104386
1522682258.979936000       0.843876    0.536538 0.000473586    -11.0153    -0.536412   0.843695 -0.0209926    2.58789   -0.0116629  0.0174611    0.99978  0.0546018
1522682259.061116000      0.848118   0.529799 0.00279628    -10.921   -0.529651  0.847985 -0.019768   2.62215   -0.0128443  0.0152845   0.999801  0.0968015
1522682259.142479000       0.853801    0.520599 0.000535687    -10.7947    -0.520479   0.853626 -0.0206011     2.5427   -0.0111822  0.0173104   0.999788  0.0471279
1522682259.221132000      0.857253   0.514888 0.00285333   -10.7058    -0.514746   0.857124 -0.0193845    2.58224   -0.0124265  0.0151487   0.999808  0.0946909
1522682259.299928000      0.861328   0.508046 0.00162554   -10.5922    -0.507919   0.861175 -0.0198874    2.55499   -0.0115036   0.016304   0.999801  0.0611833
1522682259.381834000     0.865814  0.500357 0.0029056  -10.4828    -0.500221   0.865688 -0.0190493     2.5459   -0.0120468  0.0150397   0.999814  0.0845985
1522682259.460270000      0.870038   0.492979 0.00241237   -10.3705    -0.492846   0.869898 -0.0195194    2.51576   -0.0117212  0.0157937   0.999807  0.0624043
1522682259.542313000      0.873801   0.486271 0.00363912   -10.2665    -0.486133   0.873691 -0.0184151    2.53437   -0.0121342   0.014322   0.999824  0.0938068
1522682259.622454000       0.87797   0.478709 0.00257247   -10.1638    -0.478579   0.877834 -0.0192042    2.48672   -0.0114514  0.0156296   0.999812   0.072995
1522682259.703929000      0.881383   0.472387 0.00387138   -10.0598    -0.472248   0.881274 -0.0183721    2.50171   -0.0120905  0.0143646   0.999824   0.101537
1522682259.782463000      0.885176   0.465251 0.00206576   -9.95636    -0.465127   0.885028 -0.0195406     2.4611   -0.0109195   0.016336   0.999807   0.065723
1522682259.863323000      0.888912   0.458065 0.00328464   -9.84936    -0.457932   0.888789 -0.0187868    2.46401   -0.011525 0.0151957  0.999818 0.0911918
1522682259.940642000      0.892547   0.450948 0.00225652   -9.73658    -0.450825   0.892401 -0.0194342    2.42784   -0.0107775  0.0163287   0.999809  0.0679415
1522682260.021783000      0.896456   0.443112 0.00430984   -9.64028    -0.442976   0.896355 -0.0178888    2.43996   -0.0117899  0.0141274   0.999831    0.10105
1522682260.101865000      0.900203   0.435464 0.00239445   -9.51649    -0.435348   0.900066 -0.0187928    2.40273   -0.0103387  0.0158749   0.999821  0.0590045
1522682260.180611000      0.903822   0.427887 0.00427428   -9.42501   -0.427756  0.903722 -0.017643   2.40685   -0.011412 0.0141178  0.999835 0.0979199
1522682260.261182000      0.906575    0.42204 0.00224325   -9.30665    -0.421929   0.906436 -0.0186777     2.3866   -0.00991611   0.0159863    0.999823   0.0590356
1522682260.340404000      0.910381   0.413753 0.00390796   -9.21736    -0.413627   0.910272 -0.0178209    2.37072   -0.0109308  0.0146074   0.999834  0.0866398
1522682260.418921000      0.913752   0.406268 0.00205462   -9.09833    -0.406162   0.913609 -0.0187484    2.34242   -0.009494 0.0162969  0.999822 0.0491767
1522682260.500045000      0.917717   0.397222 0.00305946   -8.99974    -0.397111   0.917597 -0.0178544    2.32836   -0.00989952   0.0151704    0.999836   0.0681524
1522682260.581323000      0.920896   0.389801 0.00222424   -8.88523    -0.389696   0.920755 -0.0186378    2.30173   -0.009313 0.0162967  0.999824 0.0465358
1522682260.659455000      0.923557   0.383448 0.00329335   -8.78357    -0.383338   0.923442 -0.0175191    2.31846   -0.00975886   0.0149174    0.999841    0.064528
1522682260.738553000      0.925823   0.377949 0.00251396   -8.67474    -0.377848   0.925694 -0.0179108    2.31671   -0.00909653   0.0156323    0.999836   0.0431831
1522682260.817982000        0.8916   0.452817 0.00260018   -6.97116    -0.452734   0.891522 -0.0148672     2.4034   -0.00905022   0.0120784    0.999886   0.0156315
1522682260.898577000     0.882435  0.469821 0.0240097  -6.33538   -0.470111  0.882571 0.0079886   2.31689   -0.0174371 -0.0183366    0.99968   0.241789
1522682260.978801000      0.892478   0.451088 0.00170859   -6.47572     -0.45104   0.892429 -0.0115762    2.44121   -0.00674669  0.00956088    0.999932  0.00254886
1522682261.058744000     0.899007  0.437932 0.0014174  -6.36716    -0.437887   0.898953 -0.0118143    2.32483   -0.00644805   0.0100005    0.999929  -0.0107695
1522682261.138606000      0.900577   0.434696 0.00010523   -6.25064    -0.434668   0.900522 -0.0111288    2.43133   -0.00493239  0.00997657    0.999938  -0.0197314
1522682261.217892000       0.905303    0.424767 1.56458e-05    -6.13877    -0.424738   0.905242 -0.0116231    2.33841   -0.00495129   0.0105158    0.999932  -0.0310892
1522682261.296673000       0.909215    0.416325 0.000997392    -6.04353    -0.416289   0.909162 -0.0112978    2.35458   -0.00561034  0.00985691    0.999936 -0.00995869
1522682261.378194000      0.912106   0.409953 0.00123794   -5.90898    -0.409912   0.912049 -0.0117767     2.3223   -0.00595697   0.0102342     0.99993  -0.0196006
1522682261.458034000       0.914409     0.40479 0.000354854    -5.80387    -0.404762   0.914354 -0.0111264    2.39615   -0.00482831   0.0100304    0.999938  -0.0146848
1522682261.537651000      0.917505   0.397723 0.00138381   -5.68893    -0.397685   0.917456 -0.0109558    2.36507   -0.00562695  0.00950166    0.999939  -0.0104807
1522682261.619609000      0.920843    0.38993 0.00128427   -5.57452    -0.389895   0.920796 -0.0107924    2.37435   -0.00539082  0.00943735    0.999941 -0.00421814
