1522682216.660050000 0 0 0 0 0 0
1522682216.739464000 0.00232161 0.0025759 -0.000393544 0.00371097 -0.00388035 0.0322329
1522682216.819223000 0.000616203 0.00449753 -0.00046672 0.035377 -0.000235043 0.0639799
1522682216.900046000 0.00211614 0.00788482 -0.000251441 0.0324532 0.00633328 0.0910808
1522682216.980314000 0.00057516 0.0113701 -0.000350789 0.0568632 -0.00114334 0.121786
1522682217.061022000 0.00197345 0.0140913 -0.000363455 0.0774712 0.00694138 0.142774
1522682217.141276000 3.4973e-06 0.0176281 -0.000149257 0.0899767 -0.00537755 0.187555
1522682217.221764000 0.00138425 0.0214339 -0.000659178 0.098251 0.000578536 0.21724
1522682217.299819000 0.000371571 0.0251996 -6.03939e-05 0.125214 -0.00430783 0.253233
1522682217.380327000 0.00161449 0.0297689 -0.000300232 0.127812 0.00426319 0.300179
1522682217.460715000 0.000304244 0.0344561 0.000107018 0.155941 -0.00241909 0.3368
1522682217.541759000 0.00126816 0.0381887 -0.000243424 0.168351 0.00198389 0.377801
1522682217.621603000 -0.000714283 0.0422922 0.000764443 0.209563 -0.0086243 0.424183
1522682217.700120000 0.000764031 0.0475372 1.13951e-05 0.210388 -0.001263 0.473426
1522682217.781260000 -0.000868992 0.0526186 0.000725215 0.243384 -0.0102721 0.517106
1522682217.861829000 -0.000207467 0.0593212 0.000231935 0.248002 -0.00586985 0.567366
1522682217.940272000 -0.000768368 0.0637155 0.000757177 0.288484 -0.00910924 0.620993
1522682218.020471000 -0.000444705 0.0702194 0.000832252 0.308955 -0.00588057 0.673108
1522682218.101035000 -0.000608515 0.0753085 0.000548964 0.343948 -0.00765657 0.731197
1522682218.181152000 -0.000160871 0.0821356 0.000640869 0.35736 -0.0058694 0.794949
1522682218.260756000 -0.000689168 0.0879234 0.000521342 0.403112 -0.00859755 0.854874
1522682218.341528000 -0.000195768 0.0948601 0.00047355 0.428448 -0.00563321 0.922833
1522682218.420799000 -0.000575411 0.102012 0.000556348 0.475939 -0.00793786 0.977819
1522682218.501554000 -0.000180414 0.109345 0.000653918 0.499969 -0.00576373 1.04516
1522682218.582374000 -0.000575816 0.115752 0.000404074 0.552942 -0.00843894 1.11051
1522682218.660756000 -0.000468591 0.123154 0.000355721 0.578703 -0.00749159 1.18913
1522682218.741505000 -0.000514919 0.129641 0.000483875 0.619653 -0.00743899 1.25356
1522682218.820869000 0.000120595 0.13759 0.000849587 0.64956 -0.00332721 1.32919
1522682218.900655000 -0.000544522 0.14533 0.000307179 0.690736 -0.00876178 1.40761
1522682218.981098000 -0.000214172 0.153481 0.000727309 0.72388 -0.00583954 1.48226
1522682219.060408000 -0.00053623 0.159457 0.000305126 0.7797 -0.00741429 1.54801
1522682219.140991000 0.000980203 0.167118 0.00230895 0.804239 0.00273951 1.63179
1522682219.221361000 -0.000519313 0.175833 0.000336861 0.858574 -0.00774199 1.70318
1522682219.302683000 6.10765e-05 0.184332 0.00120539 0.897554 -0.00362951 1.7843
1522682219.380902000 -0.000737393 0.19292 -0.000189678 0.942479 -0.0108609 1.8565
1522682219.459271000 -0.00062439 0.201198 -6.48433e-05 0.991618 -0.00932005 1.93336
1522682219.540573000 -0.000907582 0.208236 -0.000440965 1.05496 -0.0115769 2.01179
1522682219.619928000 -0.000468066 0.21574 0.000130093 1.11172 -0.00806877 2.09086
1522682219.700332000 -0.000897789 0.224318 -0.000206664 1.1573 -0.0122137 2.16206
1522682219.781532000 -0.000860422 0.232213 -0.000210222 1.20683 -0.011882 2.23527
1522682219.859987000 -0.00201533 0.241554 -0.00166665 1.24612 -0.0194917 2.31065
1522682219.938761000 -0.00140559 0.249956 -0.000981255 1.3012 -0.0158884 2.38858
1522682220.021212000 -0.00271501 0.259228 -0.00254237 1.33545 -0.0254784 2.45884
1522682220.101420000 -0.00204244 0.266826 -0.00176892 1.39924 -0.0214563 2.53892
1522682220.182874000 -0.0026539 0.275639 -0.00268542 1.43986 -0.0257651 2.60102
1522682220.262539000 -0.00240608 0.283183 -0.00245044 1.5024 -0.0254632 2.67771
1522682220.341120000 -0.00241119 0.292631 -0.00264736 1.54842 -0.0253287 2.75037
1522682220.422757000 -0.00220197 0.299591 -0.00243088 1.62238 -0.0238029 2.82692
1522682220.503055000 -0.00228322 0.307432 -0.00248594 1.68333 -0.0256979 2.89205
1522682220.582793000 -0.0021167 0.315281 -0.00218917 1.74831 -0.0239016 2.9659
1522682220.661718000 -0.00218502 0.323517 -0.00236486 1.80613 -0.0256463 3.0355
1522682220.742180000 -0.00169007 0.331207 -0.00182501 1.86055 -0.0217703 3.11361
1522682220.822920000 -0.0022459 0.339612 -0.00265898 1.92275 -0.0258178 3.17981
1522682220.901180000 -0.00220537 0.347744 -0.00246461 1.98447 -0.0259932 3.25094
1522682220.981864000 -0.00192271 0.356208 -0.00223603 2.04558 -0.0213487 3.31708
1522682221.063248000 -0.00195719 0.364672 -0.00215147 2.1127 -0.0274741 3.38761
1522682221.141428000 -0.0020505 0.373496 -0.00242381 2.17382 -0.0271613 3.46225
1522682221.222813000 -0.00155443 0.381819 -0.00170831 2.25084 -0.0259221 3.53494
1522682221.300174000 -0.00230466 0.390719 -0.00290892 2.31343 -0.0301397 3.5988
1522682221.382736000 -0.00196048 0.398802 -0.00248258 2.39678 -0.0315963 3.66153
1522682221.461120000 -0.00240604 0.407565 -0.00330172 2.46464 -0.0329135 3.72959
1522682221.540410000 -0.00201351 0.415952 -0.00262487 2.53385 -0.0333489 3.78929
1522682221.621037000 -0.00224173 0.424988 -0.00303794 2.59396 -0.031498 3.86416
1522682221.701712000 -0.00247384 0.433276 -0.0037699 2.65914 -0.0399802 3.92311
1522682221.780856000 -0.00262906 0.441649 -0.00400576 2.73107 -0.0374548 3.99178
1522682221.862609000 -0.00217671 0.449048 -0.00333429 2.80483 -0.0431875 4.05059
1522682221.941757000 -0.00222474 0.45752 -0.00334169 2.87419 -0.0394809 4.11307
1522682222.022466000 -0.00162737 0.464889 -0.00295607 2.95321 -0.0396684 4.16609
1522682222.103279000 -0.00261814 0.473586 -0.00371578 3.01759 -0.049421 4.21824
1522682222.184092000 -0.00235011 0.481627 -0.00336561 3.0751 -0.0527382 4.27986
1522682222.262107000 -0.0026072 0.490231 -0.003757 3.13918 -0.0521382 4.34427
1522682222.343243000 -0.00223272 0.497444 -0.00328463 3.22061 -0.0521059 4.39
1522682222.421804000 -0.00248933 0.506462 -0.00389186 3.27652 -0.0543064 4.45438
1522682222.502682000 -0.00258217 0.514093 -0.003185 3.35893 -0.0604149 4.51139
1522682222.583187000 -0.00239421 0.52276 -0.00338694 3.42873 -0.0539404 4.57309
1522682222.663417000 -0.00353252 0.529847 -0.00286038 3.5018 -0.0855058 4.6335
1522682222.743942000 -0.00298968 0.538963 -0.00349814 3.58102 -0.0660539 4.67894
1522682222.823057000 -0.00382909 0.547728 -0.0017512 3.64833 -0.103055 4.7579
1522682222.900396000 -0.003544 0.556148 -0.00331391 3.73011 -0.0827921 4.80242
1522682222.982919000 -0.00433337 0.564398 -0.00177324 3.79899 -0.114953 4.8711
1522682223.063372000 -0.00364659 0.574712 -0.00337858 3.86161 -0.0860265 4.9147
1522682223.142612000 -0.00458665 0.581524 -0.00214848 3.96479 -0.115777 4.96888
1522682223.223224000 -0.00402621 0.592428 -0.00305971 4.03178 -0.0936271 5.01918
1522682223.304854000 -0.00433414 0.601201 -0.00245067 4.11622 -0.112148 5.07584
1522682223.382400000 -0.00396287 0.610978 -0.00325118 4.20172 -0.0944568 5.10914
1522682223.465004000 -0.00433758 0.619505 -0.00313702 4.28001 -0.104786 5.17063
1522682223.544313000 -0.00388878 0.63012 -0.00376739 4.36787 -0.0939071 5.2066
1522682223.623143000 -0.004377 0.639127 -0.00305996 4.44177 -0.106868 5.27964
1522682223.701582000 -0.0042074 0.649361 -0.00372416 4.53297 -0.10206 5.33112
1522682223.783629000 -0.00443798 0.658076 -0.00305108 4.6216 -0.11038 5.38254
1522682223.863048000 -0.00454745 0.668102 -0.0038889 4.70899 -0.110773 5.42952
1522682223.945801000 -0.00461342 0.677577 -0.00328078 4.80564 -0.115753 5.48614
1522682224.021574000 -0.00465169 0.689418 -0.00391983 4.8846 -0.11217 5.53167
1522682224.104206000 -0.00457396 0.698293 -0.00358141 4.98726 -0.114196 5.56984
1522682224.183414000 -0.00469183 0.710529 -0.00453703 5.07101 -0.115678 5.60486
1522682224.262555000 -0.0048821 0.720025 -0.00388879 5.16696 -0.120125 5.64938
1522682224.342793000 -0.0044987 0.73296 -0.00419975 5.25672 -0.113062 5.69328
1522682224.421822000 -0.00491486 0.742535 -0.0044421 5.35256 -0.125753 5.73322
1522682224.502329000 -0.00483245 0.756302 -0.00324605 5.4336 -0.114137 5.78229
1522682224.583568000 -0.00502142 0.765569 -0.00439528 5.55287 -0.125195 5.8108
1522682224.660485000 -0.00471837 0.778984 -0.00468452 5.63379 -0.119868 5.85025
1522682224.744420000 -0.00510203 0.788187 -0.00478249 5.75407 -0.130651 5.8714
1522682224.821221000 -0.00512092 0.801849 -0.00479615 5.845 -0.131594 5.9152
1522682224.901321000 -0.00502969 0.811867 -0.00521035 5.94946 -0.131712 5.94089
1522682224.981883000 -0.00471352 0.825186 -0.00367066 6.04801 -0.120264 5.96922
1522682225.063087000 -0.00508449 0.836208 -0.00484056 6.14176 -0.131449 6.00785
1522682225.142392000 -0.0049113 0.848622 -0.0042762 6.24965 -0.124936 6.04027
1522682225.221713000 -0.00474276 0.858309 -0.00537057 6.35663 -0.126533 6.05904
1522682225.302822000 -0.005099 0.871332 -0.00459441 6.45397 -0.131909 6.08947
1522682225.382729000 -0.00490784 0.881884 -0.00540241 6.5591 -0.133402 6.12732
1522682225.461222000 -0.00508878 0.893509 -0.00479351 6.65967 -0.133172 6.14717
1522682225.542796000 -0.00492217 0.903356 -0.00561278 6.77071 -0.136787 6.16398
1522682225.622325000 -0.00536945 0.916646 -0.00556254 6.86278 -0.143623 6.19699
1522682225.701676000 -0.00523502 0.925684 -0.00593014 6.98164 -0.148276 6.20868
1522682225.779447000 -0.00511712 0.938098 -0.00613354 7.08514 -0.143121 6.23329
1522682225.858871000 -0.0056098 0.948543 -0.00652278 7.20424 -0.156561 6.24842
1522682225.941252000 -0.00557514 0.961894 -0.00609731 7.30244 -0.155641 6.2627
1522682226.022023000 -0.00593149 0.972547 -0.00638283 7.42239 -0.169093 6.28507
1522682226.103631000 -0.00550807 0.985654 -0.00614968 7.50548 -0.158276 6.3015
1522682226.180195000 -0.00588039 0.996146 -0.00658208 7.62977 -0.177971 6.31636
1522682226.261092000 -0.00609613 1.00911 -0.00669496 7.72818 -0.17416 6.33248
1522682226.342382000 -0.00588584 1.0192 -0.00686501 7.85184 -0.181318 6.34446
1522682226.420066000 -0.00607084 1.03139 -0.0069261 7.94149 -0.178399 6.34434
1522682226.500457000 -0.00592789 1.04298 -0.00695759 8.05875 -0.183087 6.36729
1522682226.580994000 -0.00597016 1.05511 -0.00742656 8.16246 -0.181988 6.3516
1522682226.659464000 -0.00585552 1.06526 -0.00745019 8.29963 -0.191846 6.37845
1522682226.739862000 -0.00611913 1.07746 -0.00779636 8.39637 -0.190563 6.35069
1522682226.819127000 -0.0051889 1.08899 -0.00776196 8.52 -0.187822 6.38983
1522682226.899315000 -0.005727 1.10301 -0.0082277 8.60825 -0.190929 6.35139
1522682226.981761000 -0.00553021 1.11421 -0.00849718 8.73531 -0.20376 6.38697
1522682227.058320000 -0.00571271 1.12854 -0.00841681 8.83438 -0.197134 6.36686
1522682227.140586000 -0.00561352 1.13935 -0.00843963 8.9531 -0.210109 6.37593
1522682227.218243000 -0.00570548 1.15371 -0.00837818 9.04762 -0.203178 6.34333
1522682227.301169000 -0.00620133 1.16553 -0.00839914 9.16348 -0.222559 6.34992
1522682227.377964000 -0.00569745 1.18049 -0.00827708 9.26616 -0.20555 6.34193
1522682227.460480000 -0.00597347 1.19082 -0.00803973 9.39137 -0.218625 6.31874
1522682227.537852000 -0.00597806 1.20518 -0.00846807 9.49288 -0.21471 6.30717
1522682227.618794000 -0.0068968 1.21572 -0.0082015 9.61993 -0.243028 6.29594
1522682227.697203000 -0.00560798 1.23047 -0.00831858 9.71585 -0.215146 6.27485
1522682227.779842000 -0.00707609 1.24231 -0.00873777 9.83309 -0.252089 6.27798
1522682227.858869000 -0.00598178 1.25623 -0.0085789 9.93703 -0.2265 6.25057
1522682227.940058000 -0.00657886 1.2694 -0.00831431 10.0479 -0.246008 6.24912
1522682228.016622000 -0.00631106 1.28203 -0.00888954 10.1537 -0.233554 6.22017
1522682228.101732000 -0.00628668 1.29562 -0.00909339 10.2607 -0.239921 6.21067
1522682228.178367000 -0.00612054 1.30859 -0.00954039 10.3599 -0.232587 6.16739
1522682228.258199000 -0.00615218 1.3202 -0.00988025 10.4779 -0.239889 6.15434
1522682228.337035000 -0.00582316 1.33452 -0.0100591 10.5748 -0.23315 6.11467
1522682228.416828000 -0.00599583 1.34527 -0.010064 10.6982 -0.242279 6.07808
1522682228.498230000 -0.00629025 1.35961 -0.0108544 10.7882 -0.243591 6.04177
1522682228.579280000 -0.00574669 1.3727 -0.011063 10.9029 -0.238929 6.03654
1522682228.661010000 -0.00581996 1.38596 -0.0117183 10.9904 -0.230404 5.98035
1522682228.741538000 -0.00636765 1.39874 -0.0110753 11.0953 -0.254618 5.95659
1522682228.823456000 -0.00569005 1.41246 -0.0115998 11.2101 -0.230717 5.91837
1522682228.901952000 -0.00556049 1.42498 -0.0113707 11.3188 -0.242366 5.89676
1522682228.984444000 -0.00523894 1.43731 -0.0129522 11.403 -0.221023 5.83731
1522682229.064545000 -0.00554928 1.44968 -0.0123579 11.5079 -0.246081 5.82896
1522682229.146411000 -0.00456091 1.46167 -0.0130071 11.6009 -0.22207 5.75787
1522682229.224777000 -0.00510808 1.47328 -0.0121008 11.7184 -0.235309 5.73952
1522682229.309069000 -0.0046149 1.48527 -0.0113055 11.8142 -0.219338 5.671
1522682229.388183000 -0.0044131 1.498 -0.0118643 11.912 -0.226946 5.65665
1522682229.468600000 -0.00516925 1.5087 -0.0101841 12.012 -0.226559 5.57822
1522682229.547656000 -0.00412128 1.52128 -0.0122087 12.1203 -0.230364 5.5735
1522682229.629901000 -0.00460729 1.53282 -0.0117008 12.2179 -0.234361 5.50006
1522682229.706225000 -0.00443089 1.5452 -0.0119371 12.3159 -0.24116 5.48342
1522682229.785249000 -0.00384528 1.55784 -0.0118772 12.4064 -0.230332 5.4345
1522682229.865015000 -0.00411964 1.56887 -0.0124624 12.5146 -0.244377 5.39457
1522682229.946104000 -0.0039959 1.5814 -0.0122388 12.6089 -0.239586 5.34295
1522682230.025263000 -0.00399534 1.59326 -0.0120562 12.7111 -0.247217 5.29007
1522682230.106043000 -0.00395058 1.6061 -0.0124545 12.7987 -0.24479 5.24405
1522682230.185671000 -0.00369351 1.61753 -0.0124499 12.8999 -0.24842 5.18958
1522682230.266198000 -0.00348728 1.6297 -0.0126647 12.9841 -0.243191 5.12241
1522682230.344870000 -0.00381419 1.64143 -0.0127465 13.0827 -0.255311 5.07456
1522682230.422623000 -0.00307067 1.65455 -0.012922 13.1688 -0.244108 5.01897
1522682230.503715000 -0.00319773 1.66605 -0.0129703 13.2699 -0.254159 4.96962
1522682230.583380000 -0.00310332 1.67863 -0.0127561 13.3464 -0.247941 4.91625
1522682230.664868000 -0.00319519 1.69061 -0.0131328 13.457 -0.263885 4.87426
1522682230.744303000 -0.00311222 1.70286 -0.0130933 13.5298 -0.256706 4.79392
1522682230.823340000 -0.00272783 1.71572 -0.0130378 13.6164 -0.258548 4.74836
1522682230.902815000 -0.00295452 1.72836 -0.0134156 13.7017 -0.260271 4.67879
1522682230.983258000 -0.00249043 1.73945 -0.0132261 13.7845 -0.260014 4.60978
1522682231.063878000 -0.00263115 1.75147 -0.0135983 13.8694 -0.2622 4.5441
1522682231.143031000 -0.00221814 1.76254 -0.0131955 13.9655 -0.267448 4.47065
1522682231.221418000 -0.00258985 1.7746 -0.0138166 14.0444 -0.270021 4.41173
1522682231.302486000 -0.00228864 1.78519 -0.0137226 14.1249 -0.270397 4.35237
1522682231.384764000 -0.00200524 1.79695 -0.0136051 14.1954 -0.262511 4.26743
1522682231.463161000 -0.00180717 1.80789 -0.0135613 14.2861 -0.269106 4.21542
1522682231.544585000 -0.0020131 1.81891 -0.0139573 14.3651 -0.27035 4.14597
1522682231.623333000 -0.00198744 1.8299 -0.0139862 14.4479 -0.276923 4.08773
1522682231.703763000 -0.00190992 1.84101 -0.0143172 14.5258 -0.275803 4.01702
1522682231.784917000 -0.00177839 1.85141 -0.0142651 14.6073 -0.282727 3.95886
1522682231.864838000 -0.00178762 1.86252 -0.0143806 14.6814 -0.279916 3.87972
1522682231.946370000 -0.00154266 1.87393 -0.0140423 14.765 -0.280709 3.81643
1522682232.024809000 -0.00149409 1.88522 -0.0144421 14.8463 -0.278908 3.73672
1522682232.105491000 -0.00147962 1.89578 -0.014274 14.9175 -0.284538 3.68123
1522682232.186169000 -0.00119955 1.90696 -0.0146603 14.9915 -0.282445 3.60301
1522682232.264866000 -0.00111779 1.91687 -0.0141447 15.074 -0.285472 3.53495
1522682232.345382000 -0.000976754 1.92865 -0.0145455 15.1442 -0.284538 3.45116
1522682232.425436000 -0.000978158 1.9403 -0.0147342 15.2276 -0.291207 3.38818
1522682232.505895000 -0.00087099 1.95117 -0.0150676 15.299 -0.289362 3.3093
1522682232.588332000 -0.000856745 1.96247 -0.015321 15.3756 -0.297729 3.23478
1522682232.664910000 -0.000755076 1.97382 -0.0151184 15.4488 -0.295518 3.14238
1522682232.747448000 -0.000560863 1.9855 -0.0151852 15.5154 -0.302254 3.07389
1522682232.825913000 -0.000630581 1.99671 -0.0154069 15.592 -0.304296 2.97872
1522682232.904699000 -0.000633437 2.00815 -0.0152414 15.6638 -0.316019 2.89112
1522682232.985176000 -0.00022559 2.01979 -0.0151118 15.7365 -0.309382 2.80611
1522682233.066369000 -0.000425629 2.03003 -0.0151669 15.8104 -0.321467 2.73636
1522682233.145607000 -0.000507415 2.0422 -0.0154737 15.8791 -0.322489 2.64164
1522682233.226126000 -0.00117452 2.05454 -0.0156753 15.9645 -0.345037 2.56068
1522682233.306629000 -0.000446545 2.06476 -0.0155741 16.0135 -0.332911 2.45816
1522682233.386565000 -0.00107931 2.077 -0.0159626 16.0918 -0.35281 2.36913
1522682233.465018000 -0.000319448 2.08802 -0.0154307 16.1536 -0.339809 2.27348
1522682233.547824000 -0.000599375 2.09924 -0.015605 16.2215 -0.352324 2.19065
1522682233.627165000 -0.000147851 2.11081 -0.0153719 16.2701 -0.345802 2.09318
1522682233.709693000 -0.00107743 2.12371 -0.0157067 16.3825 -0.374679 2.01328
1522682233.786363000 -0.000530804 2.13462 -0.0157943 16.4152 -0.366917 1.90211
1522682233.869777000 -0.0010694 2.14686 -0.0149393 16.5186 -0.393443 1.82322
1522682233.948348000 -0.000545273 2.15791 -0.0153944 16.5408 -0.376061 1.70812
1522682234.033036000 -0.00100056 2.1707 -0.0148276 16.6622 -0.407901 1.64106
1522682234.111589000 -0.00134308 2.18227 -0.0152276 16.6907 -0.409839 1.53564
1522682234.194015000 -0.000847567 2.19306 -0.0140914 16.786 -0.423193 1.44046
1522682234.276851000 -0.00128455 2.20664 -0.0149226 16.8358 -0.426926 1.34208
1522682234.354509000 -0.00212488 2.21716 -0.0124273 16.9065 -0.473068 1.24841
1522682234.430921000 -0.00165583 2.22936 -0.0142076 16.943 -0.4562 1.13372
1522682234.511605000 -0.00383888 2.23916 -0.0119181 17.0099 -0.531161 1.03642
1522682234.592160000 -0.00140354 2.25055 -0.01422 17.0322 -0.456691 0.920635
1522682234.670540000 -0.00314056 2.26239 -0.0133694 17.1114 -0.508475 0.825836
1522682234.750910000 -0.00113644 2.27429 -0.0147329 17.1375 -0.449605 0.72215
1522682234.833609000 -0.00144375 2.28585 -0.0141335 17.2024 -0.466 0.632398
1522682234.912013000 -0.000429697 2.29787 -0.0150764 17.22 -0.439981 0.515571
1522682234.990312000 -0.00128558 2.30922 -0.0141499 17.2888 -0.466461 0.430468
1522682235.073711000 -0.000613616 2.32138 -0.0148919 17.3086 -0.452307 0.313059
1522682235.152041000 -0.00158569 2.3324 -0.0139033 17.3757 -0.483902 0.22167
1522682235.232355000 -0.000717748 2.34363 -0.0138317 17.396 -0.458328 0.0938546
1522682235.313517000 -0.0012879 2.35481 -0.0134374 17.4375 -0.485986 -0.00603177
1522682235.393733000 -0.000253106 2.3674 -0.0135556 17.4679 -0.455178 -0.105173
1522682235.473992000 -0.00100153 2.3782 -0.013674 17.5242 -0.485712 -0.202475
1522682235.553831000 -0.000254688 2.39073 -0.0135926 17.5501 -0.464642 -0.315987
1522682235.633915000 -0.000595011 2.40188 -0.0137307 17.6054 -0.47949 -0.405059
1522682235.714292000 -0.000605483 2.41311 -0.014332 17.6002 -0.478098 -0.537775
1522682235.795536000 -0.000114561 2.42559 -0.0138627 17.6771 -0.472888 -0.613177
1522682235.873811000 0.000445426 2.43483 -0.0142529 17.6374 -0.46115 -0.762048
1522682235.954110000 -0.000151675 2.44647 -0.0144701 17.7185 -0.476132 -0.823817
1522682236.030851000 0.0014935 2.45792 -0.0148717 17.702 -0.437806 -0.961095
1522682236.114521000 0.000285614 2.46975 -0.0149534 17.7776 -0.47237 -1.04761
1522682236.190797000 0.00219758 2.48122 -0.0151645 17.7521 -0.431754 -1.16849
1522682236.273227000 -0.000133943 2.49324 -0.0150488 17.8425 -0.491804 -1.24553
1522682236.352258000 0.00178 2.50337 -0.0149457 17.8002 -0.447808 -1.40121
1522682236.435155000 -0.00110856 2.51176 -0.0133709 18.2876 -0.517937 -0.905923
1522682236.514490000 0.00157665 2.52281 -0.0139095 18.248 -0.453044 -1.08299
1522682236.596908000 0.000731254 2.53368 -0.0136967 18.3249 -0.48021 -1.12035
1522682236.673956000 0.00120895 2.54517 -0.0141345 18.3233 -0.470799 -1.25994
1522682236.754300000 0.00059366 2.5571 -0.014071 18.3955 -0.491341 -1.33034
1522682236.832895000 0.00152335 2.56653 -0.0142793 18.3344 -0.472535 -1.50262
1522682236.913304000 0.000887098 2.57811 -0.0142479 18.4061 -0.489702 -1.55326
1522682236.989513000 0.00227126 2.58818 -0.0143264 18.3579 -0.460021 -1.70306
1522682237.072736000 0.00153346 2.59794 -0.0142769 18.3789 -0.482442 -1.79341
1522682237.154045000 0.00197823 2.60892 -0.0144444 18.3784 -0.474956 -1.92621
1522682237.234364000 0.00121557 2.61997 -0.0144718 18.4371 -0.497299 -1.98967
1522682237.312019000 0.00160082 2.63013 -0.0146611 18.4189 -0.496202 -2.12445
1522682237.391895000 0.00105221 2.6406 -0.0144569 18.4795 -0.511899 -2.19093
1522682237.472141000 0.00152637 2.65031 -0.0147221 18.4699 -0.504601 -2.32002
1522682237.551268000 0.00181112 2.66355 -0.0144447 18.6313 -0.496812 -2.36557
1522682237.630723000 0.00141039 2.67054 -0.014811 18.4794 -0.514769 -2.54393
1522682237.711017000 0.00131311 2.68247 -0.0150817 18.5823 -0.525996 -2.60399
1522682237.791839000 0.00156952 2.69129 -0.0149883 18.5695 -0.517649 -2.73809
1522682237.871063000 0.000226139 2.70113 -0.0159983 18.592 -0.561068 -2.80704
1522682237.949367000 0.00123243 2.7108 -0.0152703 18.5568 -0.536338 -2.94438
1522682238.031170000 0.000493968 2.72247 -0.0161102 18.6392 -0.56034 -3.00542
1522682238.110534000 0.00154368 2.73149 -0.0153733 18.5586 -0.540896 -3.16536
1522682238.189152000 -0.000111109 2.74167 -0.0169283 18.5999 -0.589296 -3.23787
1522682238.267598000 0.000639965 2.7514 -0.0164207 18.5763 -0.572325 -3.34987
1522682238.350261000 -8.11956e-06 2.76295 -0.016798 18.6013 -0.597243 -3.44709
1522682238.428621000 0.000954318 2.77324 -0.0163374 18.5869 -0.574596 -3.55239
1522682238.506927000 2.10611e-05 2.78376 -0.0173621 18.593 -0.605844 -3.65658
1522682238.589491000 0.000687514 2.79395 -0.0167216 18.5685 -0.59052 -3.78162
1522682238.666312000 -0.000191906 2.80533 -0.017561 18.6184 -0.620522 -3.8469
1522682238.746646000 0.000557614 2.81512 -0.0169896 18.5596 -0.605892 -3.97393
1522682238.823012000 9.40951e-05 2.82636 -0.017477 18.5801 -0.631132 -4.0495
1522682238.905869000 0.000730909 2.8365 -0.0169951 18.5674 -0.614514 -4.18369
1522682238.982011000 -0.000314025 2.84639 -0.0182454 18.6056 -0.644477 -4.23107
1522682239.064449000 0.000589284 2.85583 -0.0174189 18.5416 -0.626288 -4.38313
1522682239.142077000 0.000240843 2.86706 -0.0179348 18.5365 -0.642138 -4.46862
1522682239.224408000 0.000750824 2.87762 -0.0177668 18.4993 -0.632171 -4.59628
1522682239.302813000 0.000593366 2.88714 -0.0184473 18.494 -0.643423 -4.67595
1522682239.381131000 0.000683867 2.89691 -0.0180413 18.4732 -0.642784 -4.79901
1522682239.459372000 -0.000103502 2.90782 -0.018732 18.5337 -0.671843 -4.86366
1522682239.541832000 0.000721853 2.91666 -0.0181221 18.451 -0.652327 -4.98701
1522682239.621106000 0.000348567 2.92922 -0.0186331 18.4742 -0.667931 -5.09644
1522682239.699398000 0.00195027 2.93883 -0.0169263 18.4337 -0.632171 -5.18482
1522682239.781853000 0.000996476 2.94829 -0.0183963 18.4193 -0.66097 -5.29473
1522682239.862406000 0.00184657 2.95747 -0.0174561 18.3807 -0.644967 -5.39527
1522682239.943148000 0.00139958 2.96801 -0.0181768 18.3709 -0.659696 -5.50346
1522682240.023540000 0.00223906 2.97722 -0.0170437 18.3279 -0.642916 -5.59865
1522682240.104277000 0.0021673 2.98821 -0.0174856 18.3213 -0.651171 -5.70265
1522682240.185276000 0.0025396 2.99742 -0.0167387 18.2531 -0.644992 -5.82165
1522682240.264437000 0.00206517 3.00783 -0.0178738 18.2385 -0.662021 -5.91302
1522682240.343856000 0.00249631 3.01717 -0.0176292 18.1904 -0.6585 -6.01929
1522682240.422260000 0.00219869 3.02809 -0.0188367 18.1987 -0.671002 -6.11151
1522682240.502647000 0.00234055 3.03765 -0.0181914 18.1609 -0.672709 -6.21896
1522682240.581166000 0.00244698 3.04747 -0.0186424 18.1214 -0.677928 -6.32495
1522682240.660071000 0.00253127 3.05781 -0.0185047 18.099 -0.675934 -6.42001
1522682240.742468000 0.00249358 3.06724 -0.0188925 18.0676 -0.683359 -6.52174
1522682240.821004000 0.00295466 3.07657 -0.0187068 18.0356 -0.676528 -6.62043
1522682240.902314000 0.00293153 3.08566 -0.0187293 18.0013 -0.683457 -6.7337
1522682240.980613000 0.00316118 3.09529 -0.0183684 17.9661 -0.683722 -6.82792
1522682241.063254000 0.00312594 3.10497 -0.0186864 17.9392 -0.691673 -6.93292
1522682241.141862000 0.00365054 3.11439 -0.0183502 17.8887 -0.681404 -7.02734
1522682241.224244000 0.00373236 3.12428 -0.0186084 17.8634 -0.686552 -7.13309
1522682241.303746000 0.00410688 3.13393 -0.018349 17.8228 -0.682882 -7.22195
1522682241.384650000 0.00367076 -3.14087 -0.018797 17.7913 -0.699247 -7.32862
1522682241.462919000 0.00387338 -3.13194 -0.0188945 17.7524 -0.696232 -7.42237
1522682241.541961000 0.00387442 -3.12315 -0.0187771 17.7222 -0.703498 -7.51976
1522682241.623093000 0.00400723 -3.11379 -0.0186893 17.6772 -0.701698 -7.61778
1522682241.701414000 0.00431167 -3.10433 -0.0189139 17.6488 -0.703706 -7.72678
1522682241.781187000 0.00454471 -3.09635 -0.0188738 17.591 -0.702208 -7.81152
1522682241.860330000 0.00431846 -3.08759 -0.0189782 17.5427 -0.714354 -7.92386
1522682241.941173000 0.00468276 -3.07848 -0.0191059 17.5079 -0.710165 -8.01536
1522682242.020423000 0.00456151 -3.06936 -0.0189895 17.4774 -0.721229 -8.12306
1522682242.101476000 0.00471935 -3.06205 -0.0190083 17.4054 -0.71813 -8.19976
1522682242.183035000 0.00454654 -3.05275 -0.0192964 17.3775 -0.735207 -8.30301
1522682242.259357000 0.0050986 -3.04408 -0.0191295 17.3258 -0.725957 -8.38907
1522682242.344477000 0.00497206 -3.03498 -0.0194876 17.2801 -0.737871 -8.48841
1522682242.421718000 0.0056576 -3.02687 -0.0190649 17.2217 -0.727703 -8.57313
1522682242.504079000 0.00605741 -3.01737 -0.0187909 17.185 -0.727278 -8.67603
1522682242.581590000 0.0055997 -3.00787 -0.0190627 17.1297 -0.736696 -8.77823
1522682242.660633000 0.00589492 -2.99963 -0.0190742 17.0702 -0.738091 -8.86673
1522682242.738825000 0.00599595 -2.99085 -0.0190972 17.0181 -0.740528 -8.96073
1522682242.822235000 0.00637528 -2.98156 -0.0189534 16.9703 -0.74607 -9.06199
1522682242.900323000 0.00631057 -2.97265 -0.019335 16.908 -0.746638 -9.14385
1522682242.982616000 0.00677702 -2.96374 -0.0190792 16.839 -0.74899 -9.24665
1522682243.061017000 0.00681229 -2.95279 -0.0191774 16.8048 -0.749356 -9.33531
1522682243.143524000 0.00853881 -2.94411 -0.0192039 16.7388 -0.731056 -9.43312
1522682243.221773000 0.00718417 -2.93393 -0.0192715 16.6789 -0.753841 -9.53153
1522682243.304055000 0.00720924 -2.92406 -0.0190849 16.6272 -0.76234 -9.62644
1522682243.381615000 0.00781316 -2.91494 -0.0190995 16.5515 -0.753021 -9.71661
1522682243.461884000 0.00773749 -2.90565 -0.018761 16.4955 -0.768199 -9.80774
1522682243.540251000 0.00805611 -2.89609 -0.0189966 16.4224 -0.762791 -9.89356
1522682243.621990000 0.00846977 -2.88649 -0.017895 16.358 -0.768619 -9.99306
1522682243.700335000 0.00814339 -2.87646 -0.0189802 16.3041 -0.769792 -10.0834
1522682243.780779000 0.00798035 -2.86559 -0.018259 16.2562 -0.788945 -10.1793
1522682243.860851000 0.00870126 -2.85607 -0.018767 16.1733 -0.776417 -10.2459
1522682243.943380000 0.0084735 -2.84442 -0.0187136 16.1407 -0.798253 -10.3565
1522682244.021098000 0.00891915 -2.83662 -0.0186634 16.033 -0.786231 -10.4153
1522682244.101819000 0.0066096 -2.82495 -0.0170806 16.018 -0.854556 -10.5375
1522682244.181066000 0.00901768 -2.81523 -0.0181889 15.9231 -0.800514 -10.6188
1522682244.264805000 0.00252553 -2.80871 -0.0139352 15.8133 -0.965357 -10.6697
1522682244.341718000 0.00729987 -2.7963 -0.0175589 15.7775 -0.850083 -10.7923
1522682244.423382000 0.00273177 -2.78796 -0.0138078 15.6961 -0.970759 -10.8575
1522682244.503651000 0.00741936 -2.77683 -0.0172068 15.6335 -0.85864 -10.9696
1522682244.583558000 0.00230813 -2.76904 -0.0137782 15.539 -0.980659 -11.0337
1522682244.662739000 0.00770637 -2.75857 -0.0175177 15.4673 -0.86484 -11.1321
1522682244.743070000 0.00231077 -2.7503 -0.0143286 15.3782 -0.98757 -11.2039
1522682244.823890000 0.0066676 -2.73882 -0.0169081 15.3354 -0.896386 -11.2972
1522682244.905646000 0.00246625 -2.72978 -0.0146994 15.2603 -0.995906 -11.3815
1522682244.983904000 0.00603194 -2.72067 -0.0167569 15.1659 -0.919675 -11.4613
1522682245.067162000 0.00275772 -2.71221 -0.0146209 15.0772 -0.993817 -11.5287
1522682245.143051000 0.00689725 -2.70243 -0.016615 14.9975 -0.911163 -11.6099
1522682245.225369000 0.00377464 -2.6943 -0.0147973 14.9121 -0.982393 -11.6767
1522682245.304766000 0.00813027 -2.68369 -0.0167526 14.8402 -0.896241 -11.7698
1522682245.385503000 0.0044353 -2.67436 -0.0152818 14.7641 -0.977295 -11.8599
1522682245.463693000 0.0087938 -2.66471 -0.0169818 14.6839 -0.899126 -11.923
1522682245.545151000 0.00485283 -2.657 -0.0155492 14.5808 -0.979744 -11.9969
1522682245.622900000 0.0087391 -2.64617 -0.0170015 14.5149 -0.907785 -12.0749
1522682245.703200000 0.00608164 -2.63771 -0.0159567 14.429 -0.964622 -12.1437
1522682245.783343000 0.00857352 -2.62688 -0.0168844 14.3541 -0.921399 -12.2262
1522682245.864646000 0.00646949 -2.61891 -0.0160797 14.2543 -0.966987 -12.284
1522682245.942994000 0.00932349 -2.60859 -0.0170663 14.1755 -0.916731 -12.3658
1522682246.024181000 0.00732912 -2.59957 -0.0162867 14.0975 -0.960397 -12.4347
1522682246.104089000 0.00924827 -2.59097 -0.0167329 13.9904 -0.926697 -12.4947
1522682246.186244000 0.00794106 -2.58112 -0.0161357 13.9164 -0.957217 -12.5591
1522682246.261458000 0.00879893 -2.57102 -0.0163373 13.8197 -0.946603 -12.618
1522682246.343004000 0.00806482 -2.56219 -0.0162243 13.7349 -0.962413 -12.693
1522682246.419095000 0.00833315 -2.55276 -0.0162886 13.6302 -0.962597 -12.7498
1522682246.503692000 0.00884875 -2.54244 -0.0164994 13.5619 -0.959404 -12.819
1522682246.580753000 0.00929849 -2.53182 -0.0164004 13.4548 -0.956696 -12.8867
1522682246.665012000 0.00943314 -2.52376 -0.0163516 13.3559 -0.960253 -12.9424
1522682246.743462000 0.00978978 -2.51252 -0.0164722 13.2686 -0.957668 -13.0123
1522682246.823988000 0.00953556 -2.50295 -0.0159892 13.182 -0.968705 -13.0713
1522682246.904139000 0.0107393 -2.49195 -0.0162691 13.0892 -0.952135 -13.1243
1522682246.984466000 0.0101719 -2.4835 -0.0160254 12.9968 -0.967801 -13.1868
1522682247.060938000 0.0109351 -2.47228 -0.0161259 12.8958 -0.960579 -13.2443
1522682247.142662000 0.0103534 -2.46386 -0.0155801 12.7845 -0.977712 -13.2871
1522682247.220968000 0.0112116 -2.45282 -0.0158333 12.6946 -0.965153 -13.3539
1522682247.305035000 0.0103929 -2.44399 -0.0157179 12.6084 -0.989224 -13.4082
1522682247.382494000 0.0107152 -2.43394 -0.0158037 12.4958 -0.984376 -13.4456
1522682247.462901000 0.0105319 -2.42626 -0.0157084 12.3835 -0.994016 -13.4842
1522682247.543315000 0.00962648 -2.41567 -0.0156262 12.2832 -1.01209 -13.5208
1522682247.622081000 0.00999701 -2.40927 -0.0154588 12.1541 -1.01173 -13.5478
1522682247.702625000 0.0104906 -2.3986 -0.0156465 12.0529 -1.00808 -13.5929
1522682247.783033000 0.00955545 -2.39343 -0.0154969 11.9154 -1.02828 -13.6147
1522682247.862877000 0.0103214 -2.38127 -0.0154692 11.826 -1.02196 -13.6521
1522682247.943423000 0.0104563 -2.37197 -0.0157043 11.7162 -1.02834 -13.6822
1522682248.021120000 0.00992981 -2.36171 -0.0153399 11.5806 -1.03886 -13.7063
1522682248.102821000 0.0100579 -2.35372 -0.015219 11.4742 -1.0416 -13.713
1522682248.179634000 0.0105327 -2.34282 -0.0152215 11.3737 -1.03804 -13.7458
1522682248.260298000 0.0114609 -2.33442 -0.0154856 11.2496 -1.03724 -13.7584
1522682248.340325000 0.0110042 -2.32307 -0.014913 11.128 -1.04366 -13.7705
1522682248.422803000 0.0116398 -2.31422 -0.0153032 11.007 -1.0429 -13.787
1522682248.501215000 0.0112681 -2.30089 -0.015068 10.8933 -1.053 -13.8183
1522682248.582153000 0.0118466 -2.29232 -0.0153602 10.7872 -1.05217 -13.8385
1522682248.660658000 0.0117577 -2.27901 -0.0148032 10.6605 -1.05598 -13.8459
1522682248.743908000 0.0120912 -2.2691 -0.0150363 10.558 -1.05685 -13.8575
1522682248.823574000 0.0115135 -2.25419 -0.0147484 10.4329 -1.07121 -13.8976
1522682248.904054000 0.0122807 -2.24043 -0.0154343 10.3763 -1.06709 -13.9683
1522682248.982470000 0.0116397 -2.22703 -0.0147657 10.2401 -1.0782 -13.9792
1522682249.061643000 0.011541 -2.21728 -0.0152924 10.1556 -1.09083 -14.0084
1522682249.140149000 0.012775 -2.20139 -0.0147415 10.0464 -1.07268 -14.0451
1522682249.220508000 0.0124608 -2.19027 -0.0148921 9.95281 -1.08326 -14.0633
1522682249.301377000 0.0126303 -2.17842 -0.0144921 9.82959 -1.08346 -14.0579
1522682249.382815000 0.0140853 -2.16512 -0.0144609 9.73083 -1.07304 -14.0993
1522682249.461145000 0.0132941 -2.15301 -0.0141206 9.61684 -1.0842 -14.0929
1522682249.541385000 0.0139262 -2.13938 -0.0142866 9.51218 -1.08578 -14.1171
1522682249.621016000 0.0133268 -2.12674 -0.0141824 9.3957 -1.09389 -14.1043
1522682249.703601000 0.0139748 -2.11325 -0.0140879 9.2932 -1.09553 -14.1316
1522682249.779881000 0.0137398 -2.10114 -0.0137694 9.1801 -1.09888 -14.1181
1522682249.861828000 0.0130543 -2.08726 -0.0150293 9.07169 -1.12256 -14.1372
1522682249.939786000 0.0138704 -2.07394 -0.0139833 8.95004 -1.1094 -14.131
1522682250.022743000 0.0132357 -2.06142 -0.0149307 8.84839 -1.1378 -14.0979
1522682250.101320000 0.0149029 -2.04561 -0.0129764 8.73239 -1.10795 -14.1369
1522682250.181800000 0.0132028 -2.03352 -0.014124 8.6357 -1.14082 -14.1129
1522682250.264733000 0.0143623 -2.01981 -0.0129885 8.51684 -1.12493 -14.0957
1522682250.344051000 0.0138478 -2.00598 -0.0127458 8.41725 -1.14768 -14.093
1522682250.421757000 0.0146907 -1.993 -0.0126415 8.2946 -1.1339 -14.0568
1522682250.504235000 0.0149712 -1.97843 -0.0120678 8.19203 -1.14584 -14.0563
1522682250.584102000 0.0144553 -1.96513 -0.0122381 8.07819 -1.15025 -14.0232
1522682250.662701000 0.0127431 -1.9504 -0.0123109 7.96945 -1.19291 -14.0092
1522682250.745260000 0.0138739 -1.93531 -0.0124519 7.86526 -1.17275 -13.9875
1522682250.825474000 0.0135049 -1.92112 -0.0120412 7.76448 -1.18844 -13.9748
1522682250.902847000 0.013931 -1.90651 -0.0121829 7.65123 -1.17996 -13.9505
1522682250.983705000 0.0131119 -1.89242 -0.0126688 7.55387 -1.20368 -13.9297
1522682251.062660000 0.0137084 -1.87698 -0.0124458 7.4409 -1.19117 -13.8925
1522682251.145376000 0.0137077 -1.86269 -0.0118683 7.34851 -1.19945 -13.8768
1522682251.225780000 0.0137144 -1.84815 -0.0125623 7.23494 -1.20144 -13.8251
1522682251.306890000 0.0135926 -1.83275 -0.0119493 7.13924 -1.21202 -13.8178
1522682251.387786000 0.0137269 -1.8186 -0.0118152 7.02653 -1.213 -13.7596
1522682251.466161000 0.0138843 -1.80395 -0.011122 6.93125 -1.21599 -13.734
1522682251.551754000 0.0134 -1.78782 -0.011867 6.83 -1.22529 -13.7044
1522682251.627674000 0.0138254 -1.77418 -0.0115858 6.73354 -1.22798 -13.6547
1522682251.708079000 0.0137394 -1.75936 -0.0115764 6.62954 -1.23082 -13.5978
1522682251.789384000 0.0137169 -1.74428 -0.0109908 6.5363 -1.23894 -13.5842
1522682251.871930000 0.0137943 -1.72921 -0.0113694 6.4285 -1.24074 -13.533
1522682251.948476000 0.0139688 -1.71456 -0.0110018 6.33956 -1.24309 -13.4935
1522682252.031811000 0.0136246 -1.69905 -0.0114167 6.24291 -1.25012 -13.4344
1522682252.112574000 0.0139459 -1.68444 -0.0107385 6.15003 -1.25305 -13.3854
1522682252.190957000 0.0138175 -1.66938 -0.010816 6.04824 -1.25671 -13.3184
1522682252.269567000 0.0130795 -1.65406 -0.0114438 5.95746 -1.27838 -13.291
1522682252.349467000 0.0141172 -1.63853 -0.0104943 5.85775 -1.26188 -13.2211
1522682252.429272000 0.0132496 -1.62175 -0.0107904 5.76502 -1.28703 -13.1975
1522682252.510561000 0.0134632 -1.60605 -0.0105764 5.66476 -1.28348 -13.1205
1522682252.592699000 0.0122969 -1.59029 -0.0103576 5.57921 -1.31814 -13.1096
1522682252.668610000 0.0133119 -1.57748 -0.0107279 5.47872 -1.29806 -12.9932
1522682252.751149000 0.0124213 -1.56041 -0.0112469 5.39792 -1.32269 -12.9766
1522682252.827680000 0.0136261 -1.54452 -0.0102742 5.30627 -1.30319 -12.8853
1522682252.909180000 0.0125593 -1.52914 -0.0110608 5.22518 -1.32724 -12.8495
1522682252.991719000 0.0134021 -1.51515 -0.0103373 5.14701 -1.31433 -12.7574
1522682253.067211000 0.0125792 -1.49894 -0.0106837 5.05689 -1.33509 -12.7257
1522682253.146631000 0.0132541 -1.4843 -0.0100858 4.97929 -1.32432 -12.618
1522682253.227046000 0.0132526 -1.46775 -0.0105022 4.89219 -1.3371 -12.5944
1522682253.308608000 0.0133512 -1.4545 -0.0100733 4.82007 -1.33431 -12.4898
1522682253.389195000 0.0125849 -1.4398 -0.0105284 4.73146 -1.35446 -12.4497
1522682253.468461000 0.0136091 -1.42615 -0.00982747 4.65842 -1.33726 -12.3347
1522682253.552488000 0.0133478 -1.40936 -0.0101577 4.58001 -1.34897 -12.3017
1522682253.630455000 0.0137317 -1.39467 -0.00954663 4.49638 -1.3409 -12.1829
1522682253.710805000 0.0132811 -1.38014 -0.00969473 4.41806 -1.3562 -12.1425
1522682253.790749000 0.0137817 -1.36713 -0.00897799 4.34951 -1.34929 -12.0444
1522682253.872076000 0.0129715 -1.351 -0.00988743 4.25624 -1.37073 -12.0144
1522682253.948317000 0.0134538 -1.33635 -0.0091395 4.18758 -1.36401 -11.8993
1522682254.030798000 0.0126826 -1.32105 -0.00998512 4.10294 -1.38656 -11.8434
1522682254.112381000 0.0138677 -1.30683 -0.00868577 4.02973 -1.36314 -11.7318
1522682254.192960000 0.0131224 -1.2915 -0.00952727 3.9491 -1.38857 -11.6766
1522682254.267924000 0.0136078 -1.27672 -0.00907562 3.88429 -1.38031 -11.5666
1522682254.352547000 0.0121539 -1.26133 -0.0103802 3.7947 -1.42162 -11.5041
1522682254.431398000 0.01316 -1.24785 -0.00961997 3.7401 -1.39944 -11.4055
1522682254.516630000 0.0120394 -1.23365 -0.00992323 3.64026 -1.4351 -11.3206
1522682254.593022000 0.0135092 -1.21949 -0.00913999 3.58745 -1.4031 -11.2281
1522682254.673446000 0.0126334 -1.20409 -0.00954617 3.50608 -1.42855 -11.1742
1522682254.751917000 0.0136404 -1.19078 -0.00843736 3.45012 -1.40421 -11.0569
1522682254.833189000 0.0131807 -1.17665 -0.00862091 3.37149 -1.42411 -10.9879
1522682254.910381000 0.0136271 -1.16295 -0.0083705 3.31012 -1.41566 -10.8853
1522682254.990975000 0.0128995 -1.14943 -0.00883164 3.23535 -1.44393 -10.8149
1522682255.067301000 0.0132533 -1.13589 -0.00864857 3.17997 -1.43484 -10.7119
1522682255.150335000 0.0127108 -1.12276 -0.00901115 3.10416 -1.45374 -10.6254
1522682255.232706000 0.0133414 -1.10868 -0.00855048 3.05024 -1.44145 -10.5114
1522682255.313157000 0.012822 -1.09559 -0.00881496 2.98554 -1.45917 -10.4554
1522682255.391301000 0.0132198 -1.08255 -0.00840634 2.93097 -1.4515 -10.3403
1522682255.473658000 0.0130344 -1.06871 -0.0082676 2.85052 -1.46839 -10.2865
1522682255.551309000 0.0132357 -1.0562 -0.00807761 2.81174 -1.45837 -10.1572
1522682255.632263000 0.0131251 -1.04337 -0.00797436 2.75072 -1.46745 -10.0784
1522682255.710673000 0.014084 -1.0306 -0.00635026 2.70179 -1.43774 -9.96098
1522682255.793373000 0.0136319 -1.01745 -0.00749369 2.63965 -1.46112 -9.88846
1522682255.872760000 0.0138246 -1.0052 -0.00662293 2.60619 -1.45404 -9.7675
1522682255.953146000 0.0135012 -0.991541 -0.00741259 2.5204 -1.47106 -9.70589
1522682256.031574000 0.0137527 -0.9798 -0.00670395 2.48415 -1.46374 -9.59872
1522682256.112272000 0.0134148 -0.96801 -0.00705844 2.41388 -1.48074 -9.52907
1522682256.193794000 0.0136477 -0.956457 -0.00661187 2.37872 -1.47339 -9.40685
1522682256.271713000 0.0132655 -0.943868 -0.00610903 2.31381 -1.49118 -9.32995
1522682256.350115000 0.013781 -0.931894 -0.00606645 2.27871 -1.47909 -9.2174
1522682256.433492000 0.0132601 -0.919237 -0.00621973 2.20472 -1.49848 -9.14422
1522682256.512725000 0.0136029 -0.909257 -0.00612036 2.18847 -1.48807 -9.03967
1522682256.591750000 0.0133882 -0.898175 -0.00611961 2.12973 -1.49943 -8.94346
1522682256.670479000 0.0134708 -0.886348 -0.00604017 2.10042 -1.49791 -8.84167
1522682256.751545000 0.0136094 -0.874325 -0.0057742 2.03557 -1.50209 -8.76023
1522682256.829493000 0.0139343 -0.864243 -0.00546167 2.02146 -1.49292 -8.64979
1522682256.910156000 0.0130554 -0.852134 -0.00595067 1.94861 -1.52196 -8.58015
1522682256.988817000 0.0137256 -0.840859 -0.00511811 1.92426 -1.5037 -8.46999
1522682257.068012000 0.0131037 -0.829298 -0.00516077 1.85409 -1.52838 -8.36938
1522682257.149575000 0.0135769 -0.817959 -0.00524286 1.83709 -1.51575 -8.26428
1522682257.229915000 0.0132667 -0.807569 -0.00571757 1.77803 -1.53198 -8.16677
1522682257.308754000 0.0138544 -0.796846 -0.00523152 1.75505 -1.51402 -8.05142
1522682257.387834000 0.0134378 -0.786446 -0.00504968 1.69501 -1.53035 -7.95242
1522682257.468157000 0.0136829 -0.775442 -0.0047501 1.66893 -1.52482 -7.85024
1522682257.547984000 0.0132569 -0.765854 -0.004869 1.61157 -1.54605 -7.75002
1522682257.624777000 0.0137451 -0.75576 -0.00442208 1.58688 -1.53024 -7.64821
1522682257.706169000 0.0130042 -0.746517 -0.00405459 1.52725 -1.56082 -7.55634
1522682257.785894000 0.0132926 -0.734826 -0.00423934 1.49532 -1.54706 -7.44734
1522682257.864167000 0.0127561 -0.726714 -0.00419631 1.45395 -1.56596 -7.33184
1522682257.944776000 0.0134077 -0.715643 -0.00415334 1.41825 -1.54956 -7.24171
1522682258.024902000 0.0128431 -0.707545 -0.00423771 1.37407 -1.56802 -7.14466
1522682258.104429000 0.0134464 -0.697037 -0.00390839 1.35291 -1.5555 -7.03416
